2014 01 01 00 59 60 60 60 60 20 20 20 20
2014 01 01 13 42 60 60 60 60 20 20 20 20
2014 01 02 00 20 70 70 70 70 30 30 30 30
2014 01 02 12 03 70 70 70 70 30 30 30 30
2014 01 03 00 09 70 70 70 70 15 15 15 15
2014 01 03 13 12 70 70 70 70 15 15 15 15
2014 01 03 23 49 50 50 50 50 15 15 15 15
2014 01 04 13 06 50 50 50 50 15 15 15 15
2014 01 05 00 51 75 75 75 75 30 30 30 30
2014 01 05 13 44 75 75 75 75 30 30 30 30
2014 01 06 01 08 75 75 75 75 30 30 30 30
2014 01 06 13 17 75 75 75 75 30 30 30 30
2014 01 07 01 16 75 75 75 75 30 30 30 30
2014 01 07 12 08 75 75 75 75 30 30 30 30
2014 01 08 00 42 80 80 80 80 50 50 50 50
2014 01 08 13 04 80 80 80 80 50 50 50 50
2014 01 09 00 40 80 80 80 80 30 30 30 30
2014 01 09 13 09 80 80 80 80 30 30 30 30
2014 01 10 00 29 75 70 60 50 30 30 20 10
2014 01 10 13 57 75 70 60 50 30 30 20 10
2014 01 11 00 20 75 70 60 50 30 30 20 10
2014 01 12 01 04 50 50 50 50 25 25 25 25
2014 01 12 11 54 45 45 45 30 15 15 15 10
2014 01 13 00 41 45 45 10 10 10 10 1 1
2014 01 13 12 10 45 45 10 10 10 10 1 1
2014 01 14 00 50 45 10 10 10 10 1 1 1
2014 01 14 12 10 45 10 10 10 10 1 1 1
2014 01 15 00 25 20 10 10 10 5 01 01 01
2014 01 15 00 25 20 10 10 10 5 01 01 01
2014 01 15 11 26 20 10 10 10 5 01 01 01
2014 01 15 11 26 20 10 10 10 5 01 01 01
2014 01 16 00 25 05 10 10 10 01 01 01 01
2014 01 16 11 25 05 05 10 10 01 01 01 01
2014 01 17 00 28 05 05 05 05 01 01 01 01
2014 01 17 12 33 05 05 05 05 01 01 01 01
2014 01 18 00 28 30 30 30 30 01 01 01 01
2014 01 18 12 53 30 30 30 30 01 01 01 01
2014 01 19 00 38 30 30 30 30 2 2 2 2
2014 01 19 11 45 30 30 30 30 2 2 2 2
2014 01 20 00 32 10 10 10 10 1 1 1 1
2014 01 20 12 25 10 10 10 10 1 1 1 1
2014 01 21 00 53 30 30 30 30 1 1 1 1
2014 01 21 12 08 30 30 30 30 1 1 1 1
2014 01 22 00 43 30 30 30 30 1 1 1 1
2014 01 22 11 46 30 30 30 30 1 1 1 1
2014 01 23 00 30 30 30 30 30 1 1 1 1
2014 01 24 00 17 15 15 15 15 1 1 1 1
2014 01 24 11 35 15 15 15 15 1 1 1 1
2014 01 25 00 21 15 15 15 15 1 1 1 1
2014 01 25 11 51 15 15 15 15 1 1 1 1
2014 01 26 00 23 25 25 25 25 1 1 1 1
2014 01 26 13 58 25 25 30 30 1 1 1 1
2014 01 27 00 28 20 35 35 35 1 1 1 1
2014 01 27 12 58 70 70 70 70 10 10 10 10
2014 01 28 00 37 70 70 70 70 10 10 10 10
2014 01 28 12 25 70 70 70 70 10 10 10 10
2014 01 29 00 36 70 70 70 70 10 10 10 10
2014 01 29 11 55 70 70 70 70 10 10 10 10
2014 01 30 00 38 70 70 70 70 10 10 10 10
2014 01 30 12 25 70 70 70 70 10 10 10 10
2014 01 31 00 17 60 60 60 60 10 10 10 10
2014 01 31 12 29 60 60 60 60 10 10 10 10
2014 02 01 00 07 60 60 60 60 15 15 15 15
2014 02 01 12 07 60 60 60 60 15 15 15 15
2014 02 02 00 41 80 80 70 60 20 20 15 10
2014 02 03 00 26 80 80 80 80 50 50 50 50
2014 02 03 13 32 80 80 80 80 50 50 50 50
2014 02 04 00 52 80 80 80 80 50 50 50 50
2014 02 04 11 35 80 80 80 80 50 50 50 50
2014 02 05 00 40 80 80 80 80 50 50 50 50
2014 02 05 11 34 80 80 80 80 50 50 50 50
2014 02 06 00 41 80 80 80 80 25 25 25 25
2014 02 06 12 40 80 80 80 80 25 25 25 25
2014 02 07 00 30 70 70 60 40 20 20 20 05
2014 02 07 12 48 70 70 60 40 20 20 20 05
2014 02 08 00 14 60 60 30 20 20 20 10 05
2014 02 08 11 20 60 60 30 20 20 20 10 05
2014 02 09 00 15 60 40 20 20 20 05 05 05
2014 02 10 00 44 40 30 30 20 05 05 05 05
2014 02 11 00 34 30 30 30 30 05 05 05 05
2014 02 12 00 24 50 50 50 50 5 5 5 5
2014 02 12 11 40 60 60 60 60 10 10 5 5
2014 02 13 00 26 60 60 60 60 10 10 10 10
2014 02 13 12 15 60 60 60 60 10 10 10 10
2014 02 13 16 14 60 60 60 60 10 10 10 10
2014 02 14 00 24 70 70 70 70 10 10 10 10
2014 02 14 12 44 70 70 70 70 10 10 10 10
2014 02 15 00 34 70 70 70 70 15 15 15 15
2014 02 15 12 02 70 70 70 70 15 15 15 15
2014 02 16 00 31 30 30 30 20 01 01 01 01
2014 02 16 11 54 30 30 30 20 01 01 01 01
2014 02 17 00 21 60 45 35 20 05 05 05 01
2014 02 17 12 57 60 45 35 20 05 05 05 01
2014 02 18 00 25 60 40 30 30 15 10 05 05
2014 02 18 13 00 60 40 30 30 15 10 05 05
2014 02 19 00 36 50 50 50 50 5 5 5 5
2014 02 19 12 26 50 50 50 50 5 5 5 5
2014 02 20 00 38 50 50 50 50 5 5 5 5
2014 02 20 12 00 50 50 50 50 5 5 5 5
2014 02 21 01 25 40 40 40 40 5 5 5 5
2014 02 21 12 02 40 40 40 40 5 5 5 5
2014 02 22 00 57 40 50 50 50 5 5 5 5
2014 02 22 12 27 40 50 50 50 5 5 5 5
2014 02 23 00 24 50 50 50 50 5 5 5 5
2014 02 23 13 17 50 50 50 50 5 5 5 5
2014 02 24 00 28 40 40 40 40 05 05 05 05
2014 02 24 12 03 40 40 40 40 05 05 05 05
2014 02 25 00 35 60 60 60 60 10 10 10 10
2014 02 25 14 26 60 60 60 60 15 15 15 15
2014 02 26 00 26 70 70 70 70 30 30 30 30
2014 02 26 13 10 70 70 70 70 30 30 30 30
2014 02 27 00 34 50 50 50 50 15 15 15 15
2014 02 27 12 59 50 50 50 50 15 15 15 15
2014 02 28 00 20 50 50 50 50 15 15 15 15
2014 02 28 12 00 50 50 50 50 15 15 15 15
2014 03 01 00 52 60 60 60 60 15 15 15 15
2014 03 01 11 44 60 60 60 60 15 15 15 15
2014 03 02 00 28 50 50 50 50 15 15 15 15
2014 03 02 12 01 50 50 50 50 15 15 15 15
2014 03 03 01 00 55 55 55 55 15 15 15 15
2014 03 04 01 06 55 55 55 55 15 15 15 15
2014 03 04 13 15 55 55 55 55 15 15 15 15
2014 03 05 00 32 40 40 40 40 05 05 05 05
2014 03 05 13 56 40 40 40 40 05 05 05 05
2014 03 06 00 35 60 60 60 60 05 05 05 05
2014 03 07 00 34 30 30 30 30 01 01 01 01
2014 03 07 12 47 30 30 30 30 01 01 01 01
2014 03 08 00 35 30 30 30 30 1 1 1 1
2014 03 08 12 04 30 30 30 30 1 1 1 1
2014 03 09 00 48 30 30 30 30 1 1 1 1
2014 03 09 12 36 30 30 30 30 1 1 1 1
2014 03 10 12 54 60 60 60 60 10 10 10 10
2014 03 11 00 40 75 75 75 75 15 15 15 15
2014 03 11 12 00 75 75 75 75 15 15 15 15
2014 03 12 00 25 75 75 75 75 15 15 15 15
2014 03 12 12 24 75 75 75 75 15 15 15 15
2014 03 13 00 40 80 80 80 80 20 20 20 20
2014 03 13 12 33 80 80 80 80 20 20 20 20
2014 03 14 00 27 80 80 80 80 10 10 10 10
2014 03 14 12 50 80 80 80 80 10 10 10 10
2014 03 15 00 31 70 70 70 70 05 05 05 05
2014 03 15 11 59 70 70 70 70 05 05 05 05
2014 03 16 00 16 40 40 40 40 4 4 4 4
2014 03 17 00 49 40 40 40 40 4 4 4 4
2014 03 17 12 13 40 40 40 40 4 4 4 4
2014 03 18 00 49 30 30 30 30 4 4 4 4
2014 03 18 13 25 30 30 30 30 4 4 4 4
2014 03 19 00 23 30 30 30 30 1 1 1 1
2014 03 19 12 16 30 30 30 30 1 1 1 1
2014 03 20 00 25 40 40 40 40 1 1 1 1
2014 03 20 12 15 40 40 40 40 1 1 1 1
2014 03 21 00 57 35 35 35 35 1 1 1 1
2014 03 22 00 45 40 40 40 40 5 5 5 5
2014 03 23 00 25 30 30 30 30 1 1 1 1
2014 03 23 13 32 30 30 30 30 1 1 1 1
2014 03 24 00 20 30 30 30 30 1 1 1 1
2014 03 24 12 17 30 30 30 30 1 1 1 1
2014 03 25 00 37 40 40 40 40 4 4 4 4
2014 03 25 12 06 40 40 40 40 4 4 4 4
2014 03 26 00 33 30 30 30 30 1 1 1 1
2014 03 26 11 50 30 30 30 30 1 1 1 1
2014 03 27 00 07 25 25 25 25 1 1 1 1
2014 03 27 12 02 25 25 25 25 1 1 1 1
2014 03 28 00 29 20 20 20 20 1 1 1 1
2014 03 29 00 20 30 30 30 30 1 1 1 1
2014 03 29 13 10 30 30 30 30 1 1 1 1
2014 03 30 00 34 50 50 50 50 15 15 15 15
2014 03 30 13 06 50 50 50 50 15 15 15 15
2014 03 31 01 39 55 55 55 30 20 20 20 1
2014 03 31 13 35 55 55 55 30 20 20 20 1
2014 04 01 01 46 55 55 55 55 10 10 10 10
2014 04 01 11 47 55 55 55 55 10 10 10 10
2014 04 02 01 38 50 50 50 50 5 5 5 5
2014 04 02 12 55 40 40 40 40 02 02 02 02
2014 04 03 01 50 40 40 40 40 05 05 05 05
2014 04 03 12 49 40 40 40 40 05 05 05 05
2014 04 04 00 30 45 40 40 40 05 05 05 05
2014 04 04 12 00 45 40 40 40 05 05 05 05
2014 04 05 01 56 45 45 45 45 05 05 05 05
2014 04 05 11 20 45 45 45 45 08 08 08 08
2014 04 06 01 18 35 35 35 35 05 05 05 05
2014 04 06 12 06 35 35 35 35 05 05 05 05
2014 04 07 01 50 20 20 20 20 01 01 01 01
2014 04 07 13 32 20 20 20 20 01 01 01 01
2014 04 08 01 39 30 30 30 30 01 01 01 01
2014 04 08 15 12 30 30 30 30 01 01 01 01
2014 04 09 01 28 25 25 25 25 01 01 01 01
2014 04 09 13 45 25 25 25 25 01 01 01 01
2014 04 10 01 07 20 20 20 20 01 01 01 01
2014 04 10 13 03 20 20 20 20 01 01 01 01
2014 04 11 01 06 20 20 20 20 01 01 01 01
2014 04 11 11 53 20 20 20 20 01 01 01 01
2014 04 12 01 22 35 35 35 35 05 05 05 05
2014 04 12 13 10 35 35 35 35 05 05 05 05
2014 04 13 01 10 35 40 45 45 05 05 05 05
2014 04 13 12 57 35 40 45 45 05 05 05 05
2014 04 14 01 27 35 40 45 45 05 05 05 05
2014 04 14 12 59 35 40 45 45 05 05 05 05
2014 04 15 01 07 45 45 45 45 5 5 5 5
2014 04 16 01 05 50 55 55 50 5 5 5 5
2014 04 16 14 16 60 60 60 60 5 5 5 5
2014 04 17 01 36 60 60 60 60 15 15 15 10
2014 04 17 13 13 55 55 55 55 05 05 05 05
2014 04 18 00 09 55 55 55 55 10 10 10 10
2014 04 18 13 57 60 60 60 60 10 10 10 10
2014 04 19 01 09 60 60 60 60 10 10 10 10
2014 04 19 12 26 60 60 60 60 10 10 10 10
2014 04 20 01 23 55 50 50 40 10 10 10 5
2014 04 20 12 28 55 50 50 40 10 10 10 5
2014 04 21 01 28 50 50 40 30 05 05 01 01
2014 04 21 12 03 50 50 40 30 05 05 01 01
2014 04 22 01 32 50 50 40 40 10 10 05 05
2014 04 22 11 38 50 50 40 40 10 10 05 05
2014 04 23 01 26 50 50 40 30 05 05 01 01
2014 04 23 12 17 50 50 40 30 05 05 01 01
2014 04 24 00 58 40 40 35 30 01 01 01 01
2014 04 24 14 16 40 40 35 30 01 01 01 01
2014 04 25 00 31 30 30 20 20 01 01 01 01
2014 04 25 13 44 30 30 20 20 01 01 01 01
2014 04 26 01 31 20 15 10 10 01 01 01 01
2014 04 26 11 21 10 10 10 10 01 01 01 01
2014 04 26 11 27 10 10 10 10 01 01 01 01
2014 04 27 01 31 10 5 5 5 1 1 1 1
2014 04 27 12 04 10 5 5 5 1 1 1 1
2014 04 28 01 54 10 10 10 10 1 1 1 1
2014 04 28 12 11 10 10 10 10 1 1 1 1
2014 04 29 01 39 20 20 20 20 1 1 1 1
2014 04 29 12 06 20 20 20 20 1 1 1 1
2014 04 30 01 26 25 25 25 25 1 1 1 1
2014 04 30 12 00 25 25 25 25 1 1 1 1
2014 05 01 01 29 15 15 15 15 01 01 01 01
2014 05 01 12 31 15 15 15 15 01 01 01 01
2014 05 02 01 31 40 40 40 40 05 05 05 05
2014 05 02 13 02 50 50 50 50 05 05 05 05
2014 05 03 01 29 40 40 40 40 05 05 05 05
2014 05 03 13 07 40 40 40 40 05 05 05 05
2014 05 04 00 36 50 50 50 50 10 10 10 10
2014 05 04 13 35 50 50 50 50 10 10 10 10
2014 05 05 01 30 50 50 40 40 10 10 05 05
2014 05 05 12 02 40 40 40 40 05 05 05 05
2014 05 06 01 26 50 50 45 45 15 10 10 10
2014 05 06 12 09 50 50 45 45 15 10 10 10
2014 05 07 01 26 45 30 30 30 02 02 01 01
2014 05 07 12 29 45 30 30 30 02 02 01 01
2014 05 08 01 35 30 30 30 30 02 02 02 02
2014 05 08 12 00 30 30 30 30 02 02 02 02
2014 05 09 11 40 40 50 50 50 05 10 10 10
2014 05 10 01 26 40 40 40 40 05 05 05 05
2014 05 10 11 55 40 40 40 40 05 05 05 05
2014 05 11 01 28 40 40 40 40 05 05 05 05
2014 05 11 12 19 40 40 40 40 05 05 05 05
2014 05 11 12 30 40 40 40 40 05 05 05 05
2014 05 12 01 25 50 50 50 50 10 10 10 10
2014 05 12 12 25 50 50 50 50 10 10 10 10
2014 05 13 01 24 40 40 40 40 8 8 8 8
2014 05 13 12 14 40 40 40 40 8 8 8 8
2014 05 14 01 04 30 30 30 30 5 5 5 5
2014 05 14 11 52 40 40 40 40 02 02 02 02
2014 05 15 01 03 40 40 40 40 02 02 02 02
2014 05 15 12 29 40 40 40 40 02 02 02 02
2014 05 16 00 53 35 35 35 35 1 1 1 1
2014 05 16 12 08 35 35 35 35 1 1 1 1
2014 05 17 01 00 30 30 30 30 1 1 1 1
2014 05 17 11 52 30 30 30 30 1 1 1 1
2014 05 18 01 26 30 30 20 20 05 05 01 01
2014 05 18 01 26 30 30 20 20 05 05 01 01
2014 05 18 11 36 30 30 20 20 05 05 01 01
2014 05 18 11 36 30 30 20 20 05 05 01 01
2014 05 19 01 29 20 20 20 20 01 01 01 01
2014 05 19 11 54 20 20 20 20 01 01 01 01
2014 05 20 01 28 12 12 12 12 01 01 01 01
2014 05 20 13 06 12 12 12 12 01 01 01 01
2014 05 21 01 22 20 20 20 20 01 01 01 01
2014 05 21 13 12 20 20 20 20 01 01 01 01
2014 05 22 01 01 20 20 20 20 01 01 01 01
2014 05 22 11 56 20 20 20 20 01 01 01 01
2014 05 23 01 27 15 15 15 15 01 01 01 01
2014 05 23 11 57 15 15 15 15 01 01 01 01
2014 05 24 01 34 15 15 15 15 01 01 01 01
2014 05 24 12 40 15 15 15 15 01 01 01 01
2014 05 25 01 10 45 45 45 45 2 2 2 2
2014 05 25 12 21 45 45 45 45 2 2 2 2
2014 05 26 01 13 25 25 25 25 1 1 1 1
2014 05 26 12 44 25 25 25 25 1 1 1 1
2014 05 27 01 26 20 20 20 20 01 01 01 01
2014 05 27 12 49 20 20 20 20 01 01 01 01
2014 05 28 01 26 10 10 10 10 01 01 01 01
2014 05 28 12 57 10 10 10 10 01 01 01 01
2014 05 29 01 00 10 10 10 10 01 01 01 01
2014 05 29 13 24 10 10 10 10 01 01 01 01
2014 05 30 01 11 10 10 10 10 01 01 01 01
2014 05 30 12 18 10 10 10 10 01 01 01 01
2014 05 31 01 37 10 10 10 10 01 01 01 01
2014 05 31 11 44 05 05 05 05 01 01 01 01
2014 06 01 01 26 10 10 10 10 01 01 01 01
2014 06 01 12 38 10 10 10 10 01 01 01 01
2014 06 02 01 00 10 10 10 10 01 01 01 01
2014 06 02 12 26 10 10 10 10 01 01 01 01
2014 06 03 01 35 05 05 05 05 01 01 01 01
2014 06 03 12 26 05 05 05 05 01 01 01 01
2014 06 04 01 33 10 10 10 10 01 01 01 01
2014 06 04 12 18 10 10 10 10 01 01 01 01
2014 06 05 01 25 15 20 20 20 01 01 01 01
2014 06 05 03 37 15 20 20 20 01 01 01 01
2014 06 05 11 57 15 20 20 20 01 01 01 01
2014 06 06 01 27 15 15 15 15 01 01 01 01
2014 06 06 12 00 15 15 15 15 01 01 01 01
2014 06 07 01 22 35 40 40 40 10 10 10 10
2014 06 07 11 46 35 40 40 40 10 10 10 10
2014 06 08 01 19 45 45 45 50 15 15 15 15
2014 06 08 02 46 45 45 45 50 15 15 15 15
2014 06 08 12 10 45 45 45 50 15 15 15 15
2014 06 09 01 23 40 45 45 45 15 15 15 15
2014 06 09 12 15 40 45 45 45 15 15 15 15
2014 06 10 01 29 60 60 60 60 20 20 20 20
2014 06 10 12 25 60 60 60 60 20 20 20 20
2014 06 11 01 16 70 70 70 70 30 30 30 30
2014 06 11 12 29 70 70 70 70 30 30 30 30
2014 06 12 01 21 70 70 70 70 30 30 30 30
2014 06 12 12 26 70 70 70 70 30 30 30 30
2014 06 13 01 28 80 70 70 70 30 30 30 30
2014 06 13 13 32 80 70 70 70 30 30 30 30
2014 06 14 01 39 70 70 60 60 20 20 10 10
2014 06 14 12 16 70 70 60 60 20 20 10 10
2014 06 15 01 26 50 30 30 30 10 05 05 05
2014 06 15 13 33 50 30 30 30 10 05 05 05
2014 06 16 01 25 30 30 30 20 05 05 05 01
2014 06 16 12 05 30 30 30 20 05 05 05 01
2014 06 17 01 22 40 40 30 20 05 05 01 01
2014 06 17 12 54 40 40 30 20 05 05 01 01
2014 06 18 01 28 50 40 30 20 10 05 01 01
2014 06 18 13 45 50 40 30 20 10 05 01 01
2014 06 19 01 24 40 30 30 30 05 03 03 03
2014 06 19 12 25 40 30 30 30 05 03 03 03
2014 06 20 01 30 20 20 10 10 01 01 01 01
2014 06 20 12 30 20 20 10 10 01 01 01 01
2014 06 21 01 22 15 15 15 15 1 1 1 1
2014 06 21 11 55 15 15 15 15 1 1 1 1
2014 06 22 01 22 20 20 20 20 1 1 1 1
2014 06 22 11 54 20 20 20 20 1 1 1 1
2014 06 23 01 25 20 20 20 20 1 1 1 1
2014 06 23 12 14 20 20 20 20 1 1 1 1
2014 06 24 01 41 5 5 5 5 1 1 1 1
2014 06 24 12 04 5 5 5 5 1 1 1 1
2014 06 25 01 16 5 5 5 5 1 1 1 1
2014 06 25 13 01 5 5 5 5 1 1 1 1
2014 06 26 01 34 5 5 10 10 1 1 1 1
2014 06 26 13 08 5 5 10 10 1 1 1 1
2014 06 27 01 05 5 5 5 5 1 1 1 1
2014 06 27 12 48 5 5 5 5 1 1 1 1
2014 06 28 00 46 10 10 10 15 1 1 1 1
2014 06 28 12 26 10 10 10 15 1 1 1 1
2014 06 29 01 24 10 15 15 15 01 01 01 01
2014 06 29 11 29 40 40 40 40 01 01 01 01
2014 06 30 01 25 45 45 45 45 05 05 05 05
2014 06 30 12 31 45 45 45 45 05 05 05 05
2014 07 01 01 25 50 50 60 60 10 10 15 15
2014 07 01 11 18 50 50 60 60 10 10 15 15
2014 07 02 01 30 65 65 65 65 10 10 10 10
2014 07 02 12 31 65 65 65 65 10 10 10 10
2014 07 03 01 28 70 70 70 70 10 10 10 10
2014 07 03 12 27 70 70 70 70 10 10 10 10
2014 07 04 01 37 70 70 70 70 10 10 10 10
2014 07 04 14 15 70 70 70 70 10 10 10 10
2014 07 05 02 18 70 70 70 70 05 05 05 05
2014 07 05 11 40 70 70 70 70 05 05 05 05
2014 07 06 00 45 65 65 65 65 05 05 05 05
2014 07 06 12 28 65 65 65 65 05 05 05 05
2014 07 07 01 26 65 65 65 65 10 10 10 10
2014 07 07 12 27 60 60 60 60 15 15 15 15
2014 07 08 01 08 65 65 65 65 15 15 15 15
2014 07 08 13 05 65 65 65 65 15 15 15 15
2014 07 09 01 29 70 70 70 70 15 15 15 15
2014 07 09 13 14 70 70 70 70 15 15 15 15
2014 07 10 01 26 70 70 70 70 15 15 15 15
2014 07 10 12 02 70 70 70 70 15 15 15 15
2014 07 11 01 37 70 70 70 70 20 20 20 20
2014 07 11 12 40 70 70 70 70 20 20 20 20
2014 07 12 01 22 70 70 50 30 10 10 05 05
2014 07 12 12 41 70 70 50 30 10 10 05 05
2014 07 13 01 25 60 50 30 20 10 05 05 05
2014 07 13 12 05 60 50 30 20 10 05 05 05
2014 07 14 01 29 40 25 20 15 05 01 01 01
2014 07 14 12 55 40 25 20 15 05 01 01 01
2014 07 15 01 36 10 10 10 10 01 01 01 01
2014 07 15 12 19 10 10 10 10 01 01 01 01
2014 07 16 01 34 5 5 5 5 1 1 1 1
2014 07 16 12 08 5 5 5 5 1 1 1 1
2014 07 17 01 38 01 01 01 01 01 01 01 01
2014 07 17 03 07 01 01 01 01 01 01 01 01
2014 07 17 12 03 01 01 01 01 01 01 01 01
2014 07 18 01 18 01 01 01 01 01 01 01 01
2014 07 18 12 09 01 01 01 01 01 01 01 01
2014 07 19 01 39 01 01 01 01 01 01 01 01
2014 07 19 13 31 01 01 01 01 01 01 01 01
2014 07 20 01 19 01 01 01 01 01 01 01 01
2014 07 20 13 39 01 01 01 01 01 01 01 01
2014 07 21 01 10 05 05 05 05 01 01 01 01
2014 07 21 11 38 05 05 05 05 01 01 01 01
2014 07 22 01 12 05 05 05 05 01 01 01 01
2014 07 22 12 26 05 05 05 05 01 01 01 01
2014 07 23 01 39 02 02 05 05 01 01 01 01
2014 07 23 12 26 02 02 05 05 01 01 01 01
2014 07 24 01 31 05 05 05 05 01 01 01 01
2014 07 24 12 44 05 05 05 05 01 01 01 01
2014 07 25 01 25 15 20 30 40 01 01 01 05
2014 07 25 11 53 15 20 30 40 01 01 01 05
2014 07 26 01 25 20 30 40 40 01 01 05 05
2014 07 26 11 43 05 10 15 20 01 01 02 05
2014 07 27 01 27 20 20 20 20 01 01 01 01
2014 07 27 13 16 20 20 20 20 01 01 01 01
2014 07 28 01 14 20 25 25 25 2 2 2 2
2014 07 28 13 32 20 25 25 25 2 2 2 2
2014 07 29 01 42 20 25 25 25 1 1 1 1
2014 07 29 12 26 50 50 60 60 05 05 05 05
2014 07 30 01 31 35 35 40 45 05 05 10 10
2014 07 30 11 49 35 35 40 45 05 05 10 10
2014 07 31 01 26 50 60 60 60 10 10 10 10
2014 07 31 12 45 50 60 60 60 10 10 10 10
2014 08 01 01 26 60 60 60 60 10 10 10 10
2014 08 01 12 53 60 60 60 60 10 10 10 10
2014 08 02 01 32 60 60 60 60 10 10 10 10
2014 08 02 12 34 60 60 60 60 10 10 10 10
2014 08 03 01 08 55 55 55 55 10 10 10 10
2014 08 03 13 11 55 55 55 55 10 10 10 10
2014 08 04 01 26 45 45 45 45 5 5 5 5
2014 08 04 11 44 45 45 45 45 5 5 5 5
2014 08 05 01 22 40 40 40 40 5 5 5 5
2014 08 05 12 26 40 40 40 40 5 5 5 5
2014 08 06 01 26 40 40 40 40 5 5 5 5
2014 08 06 12 32 40 40 40 40 5 5 5 5
2014 08 07 01 24 35 35 35 35 1 1 1 1
2014 08 07 11 27 35 35 35 35 1 1 1 1
2014 08 08 01 07 25 20 15 15 01 01 01 01
2014 08 08 12 33 25 20 15 15 01 01 01 01
2014 08 09 01 16 20 20 20 20 01 01 01 01
2014 08 09 01 26 20 20 20 20 01 01 01 01
2014 08 09 13 10 20 20 20 20 01 01 01 01
2014 08 10 01 24 15 15 15 15 01 01 01 01
2014 08 10 12 06 15 15 15 15 01 01 01 01
2014 08 11 11 54 15 15 15 15 1 1 1 1
2014 08 12 01 21 12 12 12 12 1 1 1 1
2014 08 12 11 13 12 12 12 12 1 1 1 1
2014 08 13 01 29 10 10 10 10 1 1 1 1
2014 08 13 13 00 10 10 10 10 1 1 1 1
2014 08 14 01 34 05 05 05 05 01 01 01 01
2014 08 14 11 13 05 05 05 05 01 01 01 01
2014 08 15 01 38 10 10 10 10 01 01 01 01
2014 08 15 12 59 10 10 10 10 01 01 01 01
2014 08 16 01 38 35 35 35 35 5 5 5 5
2014 08 16 13 25 35 35 35 35 5 5 5 5
2014 08 17 01 11 20 20 20 20 1 1 1 1
2014 08 17 12 26 20 20 20 20 1 1 1 1
2014 08 18 01 26 20 20 20 20 1 1 1 1
2014 08 18 12 11 20 20 20 20 1 1 1 1
2014 08 19 01 31 15 15 15 15 01 01 01 01
2014 08 19 13 37 15 15 15 15 01 01 01 01
2014 08 20 01 26 10 10 10 10 01 01 01 01
2014 08 20 13 01 10 10 10 10 01 01 01 01
2014 08 21 01 12 20 20 15 15 01 01 01 01
2014 08 21 13 00 20 20 15 15 01 01 01 01
2014 08 22 01 09 30 30 30 30 01 05 05 05
2014 08 22 12 01 30 30 30 30 01 05 05 05
2014 08 23 01 02 45 45 45 45 3 3 3 3
2014 08 23 11 57 45 45 45 45 3 3 3 3
2014 08 24 01 16 30 30 30 30 05 05 05 05
2014 08 24 12 27 30 30 30 30 05 05 05 05
2014 08 25 01 21 55 55 55 55 10 10 10 10
2014 08 25 12 29 55 55 55 55 10 10 10 10
2014 08 26 01 26 55 55 55 55 10 10 10 10
2014 08 26 01 31 55 55 55 55 10 10 10 10
2014 08 26 12 11 55 55 55 55 10 10 10 10
2014 08 26 12 11 55 55 55 55 10 10 10 10
2014 08 27 01 31 45 45 30 20 10 10 05 01
2014 08 27 12 28 45 45 30 20 10 10 05 01
2014 08 28 01 05 40 30 15 10 10 05 01 01
2014 08 28 13 36 40 30 15 10 10 05 01 01
2014 08 29 01 04 20 15 10 10 10 05 01 01
2014 08 29 13 35 20 15 10 10 10 05 01 01
2014 08 30 01 25 30 35 35 40 05 05 05 05
2014 08 30 12 03 30 35 35 40 05 05 05 05
2014 08 31 01 42 20 20 20 20 01 01 01 01
2014 08 31 12 35 20 20 20 20 01 01 01 01
2014 09 01 01 36 20 20 20 20 01 01 01 01
2014 09 01 12 03 20 20 20 20 01 01 01 01
2014 09 02 01 56 30 40 40 40 01 05 05 05
2014 09 02 12 26 30 40 40 40 01 05 05 05
2014 09 03 01 26 35 40 45 50 01 05 05 10
2014 09 03 12 59 35 40 45 50 01 05 05 10
2014 09 04 01 31 30 30 40 40 05 05 05 05
2014 09 04 11 38 30 30 40 40 05 05 05 05
2014 09 05 01 36 60 60 60 60 10 10 10 10
2014 09 05 11 50 60 60 60 60 10 10 10 10
2014 09 06 01 06 70 70 70 70 10 10 10 10
2014 09 06 12 05 70 70 70 70 20 20 20 20
2014 09 07 01 34 70 70 70 70 20 20 20 20
2014 09 07 12 28 80 80 80 80 25 25 25 25
2014 09 08 01 29 70 70 70 70 20 20 20 20
2014 09 08 12 25 70 70 70 70 20 20 20 20
2014 09 09 01 30 60 60 70 70 20 20 25 25
2014 09 09 13 04 60 60 70 70 20 20 25 25
2014 09 10 01 30 70 75 75 75 20 25 25 25
2014 09 10 07 36 70 75 75 75 20 25 25 25
2014 09 10 12 11 70 75 75 75 20 25 25 25
2014 09 11 01 25 70 70 70 70 30 30 30 30
2014 09 11 12 12 70 70 70 70 30 30 30 30
2014 09 12 01 34 70 70 70 70 30 30 30 30
2014 09 12 12 09 70 70 70 70 30 30 30 30
2014 09 13 02 06 70 70 70 70 25 25 25 25
2014 09 13 02 38 70 70 70 70 25 25 25 25
2014 09 13 02 42 70 70 70 70 25 25 25 25
2014 09 13 12 25 60 60 60 60 10 10 10 10
2014 09 14 00 46 60 60 60 60 10 10 10 10
2014 09 14 01 39 70 70 70 70 10 10 10 10
2014 09 14 12 25 60 60 60 60 05 05 05 05
2014 09 15 01 08 40 40 30 20 05 05 01 01
2014 09 15 11 48 40 40 30 20 05 05 01 01
2014 09 16 01 39 30 30 20 20 05 05 01 01
2014 09 16 11 40 30 30 20 20 05 05 01 01
2014 09 17 01 28 30 20 10 10 05 05 01 01
2014 09 17 12 37 30 20 10 10 05 05 01 01
2014 09 18 01 26 20 15 15 15 01 01 01 01
2014 09 18 12 04 20 15 15 15 01 01 01 01
2014 09 19 01 07 20 20 20 20 01 01 01 01
2014 09 19 11 44 20 20 20 20 01 01 01 01
2014 09 20 01 16 20 20 20 20 01 01 01 01
2014 09 20 12 23 20 20 20 20 01 01 01 01
2014 09 21 01 18 20 20 20 20 01 01 01 01
2014 09 21 01 42 20 20 20 20 01 01 01 01
2014 09 21 12 30 20 20 20 20 01 01 01 01
2014 09 22 02 08 45 45 45 45 10 10 10 10
2014 09 22 12 28 60 60 60 60 10 10 10 10
2014 09 23 01 39 40 40 40 40 05 05 05 05
2014 09 23 13 08 40 40 40 40 05 05 05 05
2014 09 24 01 31 30 30 30 30 03 03 03 03
2014 09 24 12 31 30 30 30 30 03 03 03 03
2014 09 25 01 28 40 50 50 50 05 05 05 05
2014 09 25 12 29 40 50 50 50 05 05 05 05
2014 09 26 01 33 50 50 50 50 10 10 10 10
2014 09 26 12 48 50 50 50 50 10 10 10 10
2014 09 27 01 06 70 70 60 50 10 10 10 10
2014 09 27 12 29 70 70 60 50 10 10 10 10
2014 09 28 01 28 70 70 70 70 10 10 10 10
2014 09 28 12 27 70 70 70 70 10 10 10 10
2014 09 29 01 35 80 80 80 80 20 20 20 20
2014 09 29 11 57 80 80 80 80 20 20 20 20
2014 09 30 01 46 80 80 80 80 20 20 20 20
2014 09 30 12 42 80 80 80 80 20 20 20 20
2014 10 01 01 25 75 80 80 80 20 25 25 25
2014 10 01 12 07 75 80 80 80 20 25 25 25
2014 10 02 01 30 40 30 20 20 05 05 01 01
2014 10 02 11 58 40 30 20 20 05 05 01 01
2014 10 03 01 26 40 30 20 20 05 02 01 01
2014 10 03 12 23 35 30 20 20 01 01 01 01
2014 10 04 01 12 30 30 30 30 01 01 01 01
2014 10 04 12 44 30 30 30 30 01 01 01 01
2014 10 05 01 02 20 15 15 15 01 01 01 01
2014 10 05 12 52 20 15 15 15 01 01 01 01
2014 10 06 01 27 20 20 20 20 01 01 01 01
2014 10 06 12 30 20 20 20 20 01 01 01 01
2014 10 07 01 27 15 15 15 15 01 01 01 01
2014 10 07 12 09 15 15 15 15 01 01 01 01
2014 10 08 01 04 10 10 10 10 01 01 01 01
2014 10 08 12 34 10 10 10 10 01 01 01 01
2014 10 09 01 03 10 10 10 10 01 01 01 01
2014 10 09 11 38 40 30 20 10 01 01 01 01
2014 10 10 01 22 30 20 10 10 01 01 01 01
2014 10 10 12 25 20 20 10 10 01 01 01 01
2014 10 11 01 21 20 15 10 10 1 1 1 1
2014 10 11 13 03 20 15 10 10 1 1 1 1
2014 10 12 01 11 15 10 10 10 1 1 1 1
2014 10 12 12 03 15 10 10 10 1 1 1 1
2014 10 13 01 56 15 15 15 15 1 1 1 1
2014 10 13 12 14 15 15 15 15 1 1 1 1
2014 10 14 01 10 10 10 10 10 1 1 1 1
2014 10 14 11 58 10 10 10 10 1 1 1 1
2014 10 15 01 42 20 20 25 25 1 1 1 1
2014 10 15 12 32 20 20 25 25 1 1 1 1
2014 10 16 01 26 20 25 25 30 1 1 1 5
2014 10 16 12 01 20 25 25 30 1 1 1 5
2014 10 17 01 28 20 25 25 30 1 1 1 5
2014 10 17 01 32 20 25 25 30 1 1 1 5
2014 10 17 01 50 20 25 25 30 1 1 1 5
2014 10 17 02 15 20 25 25 30 1 1 1 5
2014 10 17 12 00 20 25 25 30 1 1 1 5
2014 10 18 01 02 30 35 40 40 1 1 5 5
2014 10 18 11 44 60 60 60 60 15 15 15 15
2014 10 19 01 26 70 70 70 70 20 20 20 20
2014 10 19 01 37 70 70 70 70 20 20 20 20
2014 10 19 12 04 70 70 70 70 20 20 20 20
2014 10 20 01 25 70 70 70 70 20 20 20 20
2014 10 20 11 53 70 70 70 70 20 20 20 20
2014 10 21 02 03 75 75 75 75 20 20 20 20
2014 10 21 12 15 75 75 75 75 20 20 20 20
2014 10 22 01 38 70 70 70 70 20 20 20 20
2014 10 22 12 40 70 70 70 70 20 20 20 20
2014 10 23 01 02 80 80 80 80 30 30 30 30
2014 10 23 01 05 80 80 80 80 30 30 30 30
2014 10 23 12 00 80 80 80 80 30 30 30 30
2014 10 24 01 06 80 80 80 80 35 35 35 35
2014 10 24 12 00 80 80 80 80 35 35 35 35
2014 10 25 01 13 80 80 80 80 35 35 35 35
2014 10 25 12 47 80 80 80 80 35 35 35 35
2014 10 26 01 14 85 85 70 60 40 40 30 20
2014 10 26 12 20 85 85 70 60 40 40 30 20
2014 10 27 00 31 90 90 90 70 50 50 50 30
2014 10 27 00 35 90 90 90 70 50 50 50 30
2014 10 27 11 54 90 90 90 70 50 50 50 30
2014 10 28 00 37 90 90 90 70 60 60 50 30
2014 10 28 11 56 90 90 90 70 60 60 50 30
2014 10 29 00 32 90 90 60 30 60 60 20 05
2014 10 29 11 59 90 90 60 30 60 60 20 05
2014 10 30 00 40 90 60 30 10 60 20 05 01
2014 10 30 11 45 70 50 30 10 20 10 05 01
2014 10 30 11 46 70 50 30 10 20 10 05 01
2014 10 31 00 21 20 20 20 20 02 02 02 02
2014 10 31 11 05 20 20 20 20 02 02 02 02
2014 11 01 00 02 15 5 1 1 1 1 1 1
2014 11 01 00 13 15 5 1 1 1 1 1 1
2014 11 01 12 04 15 5 1 1 1 1 1 1
2014 11 02 00 26 25 25 25 25 1 1 1 1
2014 11 02 11 08 25 25 25 25 1 1 1 1
2014 11 03 00 39 25 30 35 35 1 1 1 1
2014 11 03 01 09 25 30 35 35 1 1 1 1
2014 11 03 11 59 25 30 35 35 1 1 1 1
2014 11 04 01 38 55 55 55 55 10 10 10 10
2014 11 04 12 01 60 60 60 60 10 10 10 10
2014 11 05 00 22 50 50 50 50 10 10 10 10
2014 11 05 11 51 50 50 50 50 10 10 10 10
2014 11 06 00 29 50 50 50 50 20 20 20 20
2014 11 06 11 12 50 50 50 50 20 20 20 20
2014 11 07 00 23 50 50 50 50 20 20 20 20
2014 11 07 11 43 50 50 50 50 20 20 20 20
2014 11 08 00 32 75 75 75 75 25 25 25 25
2014 11 08 12 02 75 75 75 75 25 25 25 25
2014 11 09 00 25 70 70 80 80 15 15 20 20
2014 11 09 12 51 70 70 80 80 15 15 20 20
2014 11 10 01 57 65 70 75 80 15 15 25 25
2014 11 10 12 00 65 70 75 80 15 15 25 25
2014 11 11 00 34 65 70 75 75 15 15 20 20
2014 11 11 10 43 65 70 75 75 15 15 20 20
2014 11 12 00 30 65 70 70 70 15 20 25 25
2014 11 12 11 59 65 70 70 70 15 20 25 25
2014 11 13 00 27 30 40 50 50 05 10 15 15
2014 11 13 11 59 30 40 50 50 05 10 15 15
2014 11 14 00 28 40 50 50 50 10 15 15 15
2014 11 14 11 53 40 50 50 50 10 15 15 15
2014 11 15 00 19 55 55 55 55 10 15 15 15
2014 11 15 11 48 55 55 55 55 10 15 15 15
2014 11 16 00 26 60 65 65 70 10 15 15 20
2014 11 16 11 35 60 65 65 70 10 15 15 20
2014 11 17 01 18 70 70 70 70 20 20 20 20
2014 11 17 12 04 70 70 70 70 20 20 20 20
2014 11 18 00 27 70 70 70 70 20 20 20 20
2014 11 18 11 34 70 70 70 70 20 20 20 20
2014 11 19 00 40 50 50 50 50 15 15 15 15
2014 11 19 11 20 50 50 50 50 15 15 15 15
2014 11 20 00 48 40 40 40 40 10 10 10 10
2014 11 20 11 04 40 40 40 40 10 10 10 10
2014 11 21 00 35 35 40 45 45 10 10 15 15
2014 11 21 11 49 35 40 45 45 10 10 15 15
2014 11 22 00 16 50 50 50 50 20 20 20 20
2014 11 22 11 53 50 50 50 50 20 20 20 20
2014 11 23 00 18 55 55 55 55 20 20 20 20
2014 11 23 11 55 55 55 55 55 20 20 20 20
2014 11 24 00 34 55 55 55 40 15 15 15 10
2014 11 24 11 58 55 55 55 40 15 15 15 10
2014 11 25 00 26 65 65 60 60 15 15 10 10
2014 11 25 11 40 65 65 60 60 15 15 10 10
2014 11 26 00 24 65 65 65 65 3 3 3 3
2014 11 26 11 55 65 65 65 65 3 3 3 3
2014 11 27 00 44 30 30 30 30 5 5 5 5
2014 11 27 11 17 30 30 30 30 5 5 5 5
2014 11 28 00 23 40 40 40 40 05 05 05 05
2014 11 28 11 49 45 45 45 45 05 05 05 05
2014 11 29 00 20 40 40 40 40 05 05 05 05
2014 11 29 11 53 40 40 40 40 05 05 05 05
2014 11 30 00 31 50 50 50 50 10 10 10 10
2014 11 30 11 26 50 50 50 50 10 10 10 10
2014 12 01 00 20 50 50 50 50 10 10 10 10
2014 12 01 11 57 50 50 50 50 10 10 10 10
2014 12 02 00 19 45 45 45 45 5 5 5 5
2014 12 02 11 44 45 45 45 45 5 5 5 5
2014 12 03 00 45 50 50 50 50 5 5 5 5
2014 12 03 14 39 50 50 50 50 5 5 5 5
2014 12 04 00 27 45 45 45 45 5 5 5 5
2014 12 04 11 23 45 45 45 45 5 5 5 5
2014 12 05 01 03 40 40 40 40 5 5 5 5
2014 12 05 12 16 40 40 40 40 5 5 5 5
2014 12 06 00 26 45 45 45 45 05 05 05 05
2014 12 06 11 49 45 45 45 45 05 05 05 05
2014 12 07 00 17 30 30 30 30 05 05 05 05
2014 12 07 11 32 30 30 30 30 05 05 05 05
2014 12 08 01 38 40 40 40 40 05 05 05 05
2014 12 08 11 03 40 40 40 40 05 05 05 05
2014 12 09 00 42 30 30 30 30 01 01 01 01
2014 12 09 13 18 35 35 35 35 05 05 05 05
2014 12 10 00 27 30 30 35 35 03 03 05 05
2014 12 10 11 52 30 30 35 35 03 03 05 05
2014 12 11 00 38 35 35 35 35 5 5 5 5
2014 12 11 11 32 35 35 35 35 5 5 5 5
2014 12 12 00 32 30 35 35 40 2 5 5 5
2014 12 12 11 54 30 35 35 40 2 5 5 5
2014 12 13 01 48 40 40 40 40 5 5 5 5
2014 12 13 12 13 40 40 40 40 5 5 5 5
2014 12 14 00 52 45 45 45 45 5 5 5 5
2014 12 14 12 07 45 45 45 45 5 5 5 5
2014 12 15 00 33 50 50 50 50 5 5 5 5
2014 12 15 11 48 50 50 50 50 5 5 5 5
2014 12 16 00 34 55 55 55 55 10 10 10 10
2014 12 16 11 46 60 55 55 55 10 10 10 10
2014 12 17 00 27 65 65 60 60 10 10 10 10
2014 12 17 12 15 65 65 60 60 10 10 10 10
2014 12 18 00 01 85 85 75 75 25 25 20 20
2014 12 18 11 50 85 85 75 75 25 25 20 20
2014 12 19 00 04 80 75 75 75 20 20 15 15
2014 12 19 13 08 80 75 75 75 20 20 15 15
2014 12 20 00 39 85 85 80 80 25 25 20 20
2014 12 20 12 47 85 85 80 80 25 25 20 20
2014 12 21 00 32 85 85 85 75 30 30 30 20
2014 12 21 12 25 85 85 85 75 30 30 30 20
2014 12 22 01 41 85 85 85 75 30 30 30 20
2014 12 22 12 28 85 85 85 75 30 30 30 20
2014 12 23 00 56 80 80 70 60 20 20 15 10
2014 12 23 13 21 80 80 70 60 20 20 15 10
2014 12 24 00 50 60 50 40 30 15 10 5 5
2014 12 24 12 21 60 50 40 30 15 10 5 5
2014 12 25 00 20 30 20 20 30 5 3 3 5
2014 12 25 11 51 30 20 20 30 5 3 3 5
2014 12 26 01 09 25 20 20 20 5 1 1 1
2014 12 26 11 23 25 20 20 20 5 1 1 1
2014 12 27 00 38 30 30 30 30 3 3 3 3
2014 12 27 11 17 30 30 30 30 3 3 3 3
2014 12 28 00 25 30 30 20 20 1 1 1 1
2014 12 28 11 59 30 30 20 20 1 1 1 1
2014 12 29 00 05 25 25 25 25 2 2 1 1
2014 12 29 11 46 25 25 25 25 2 2 1 1
2014 12 30 00 26 30 30 30 30 5 5 5 5
2014 12 30 11 25 30 30 30 30 5 5 5 5
2014 12 31 00 14 30 35 35 40 5 5 5 5
2014 12 31 10 53 30 35 35 40 5 5 5 5
2015 01 01 00 26 20 30 35 40 1 2 5 5
2015 01 01 12 57 20 30 35 40 1 2 5 5
2015 01 02 00 30 20 30 40 40 01 02 05 05
2015 01 02 11 52 20 30 40 40 01 02 05 05
2015 01 03 00 51 42 45 50 50 7 10 10 10
2015 01 03 11 51 42 45 50 50 7 10 10 10
2015 01 04 00 47 48 50 50 50 8 10 10 10
2015 01 04 00 52 48 50 50 50 8 10 10 10
2015 01 04 11 46 48 50 50 50 8 10 10 10
2015 01 04 23 49 48 50 50 50 8 10 10 10
2015 01 05 00 38 48 50 50 50 8 10 10 10
2015 01 05 11 55 48 50 50 50 8 10 10 10
2015 01 06 00 22 60 60 60 60 10 10 10 10
2015 01 06 01 16 60 60 60 60 10 10 10 10
2015 01 06 12 22 60 60 60 60 10 10 10 10
2015 01 07 00 09 55 55 60 60 5 5 10 10
2015 01 07 12 24 55 55 60 60 5 5 10 10
2015 01 08 00 51 40 40 40 40 5 5 5 5
2015 01 08 11 55 40 40 40 40 5 5 5 5
2015 01 09 00 20 50 50 40 40 5 5 5 5
2015 01 09 12 50 50 50 40 40 5 5 5 5
2015 01 10 00 11 50 50 40 40 5 5 5 5
2015 01 10 11 17 50 50 40 40 5 5 5 5
2015 01 11 00 23 40 40 40 40 10 10 10 10
2015 01 11 11 57 40 40 40 40 10 10 10 10
2015 01 12 00 29 40 40 40 50 10 10 10 10
2015 01 12 12 20 40 40 40 40 10 10 10 10
2015 01 13 00 15 45 45 40 40 10 10 5 5
2015 01 13 12 03 45 45 40 40 10 10 5 5
2015 01 14 00 46 45 40 20 20 10 10 1 1
2015 01 14 12 38 45 40 20 20 10 10 1 1
2015 01 15 00 36 40 20 20 20 10 5 5 5
2015 01 15 11 44 40 20 20 20 10 5 5 5
2015 01 16 00 31 20 20 20 20 01 01 01 01
2015 01 16 11 46 20 20 20 20 01 01 01 01
2015 01 17 00 10 20 20 20 20 1 1 1 1
2015 01 17 12 12 20 20 20 20 1 1 1 1
2015 01 18 00 04 5 5 5 5 1 1 1 1
2015 01 18 12 03 5 5 5 5 1 1 1 1
2015 01 19 00 30 10 10 10 10 1 1 1 1
2015 01 19 11 52 10 10 10 10 1 1 1 1
2015 01 20 00 10 10 10 10 10 1 1 1 1
2015 01 20 11 54 10 10 10 10 1 1 1 1
2015 01 21 00 21 10 10 10 10 1 1 1 1
2015 01 21 12 06 10 10 10 10 1 1 1 1
2015 01 22 00 47 20 20 20 20 01 01 01 01
2015 01 22 11 57 20 20 20 20 01 01 01 01
2015 01 23 00 40 40 40 40 40 05 05 05 05
2015 01 23 12 14 40 40 40 40 05 05 05 05
2015 01 24 00 27 40 40 40 50 5 5 5 10
2015 01 24 11 24 40 40 40 50 5 5 5 10
2015 01 25 00 31 30 35 40 40 5 5 5 5
2015 01 25 11 03 30 35 40 40 5 5 5 5
2015 01 26 00 46 30 35 40 40 5 5 5 5
2015 01 26 11 56 30 35 40 40 5 5 5 5
2015 01 27 01 18 45 45 45 45 5 5 5 5
2015 01 27 11 29 45 45 45 45 5 5 5 5
2015 01 28 00 21 45 45 45 45 5 5 5 5
2015 01 28 11 48 45 45 45 45 5 5 5 5
2015 01 29 00 40 60 60 60 60 10 10 10 10
2015 01 29 12 17 60 60 60 60 10 10 10 10
2015 01 30 00 54 80 80 80 80 5 5 5 5
2015 01 30 11 35 80 80 80 80 5 5 5 5
2015 01 31 00 32 85 85 85 85 10 10 10 10
2015 01 31 12 19 85 85 85 85 10 10 10 10
2015 02 01 00 25 85 85 85 85 10 10 10 10
2015 02 01 11 50 85 85 85 85 10 10 10 10
2015 02 02 00 34 65 65 60 60 15 15 10 10
2015 02 02 11 39 65 65 60 60 15 15 10 10
2015 02 03 00 39 50 40 30 20 5 5 5 5
2015 02 03 12 47 50 40 30 20 5 5 5 5
2015 02 04 00 31 30 30 30 30 5 5 5 5
2015 02 04 11 53 30 30 30 30 5 5 5 5
2015 02 05 00 44 30 30 30 30 1 1 1 1
2015 02 05 11 59 30 30 30 30 1 1 1 1
2015 02 06 00 26 25 25 25 25 1 1 1 1
2015 02 06 12 40 25 25 25 25 1 1 1 1
2015 02 07 00 28 25 25 25 25 1 1 1 1
2015 02 07 12 00 25 25 25 25 1 1 1 1
2015 02 08 00 27 30 30 30 30 01 01 01 01
2015 02 08 11 49 50 50 50 50 03 03 03 03
2015 02 09 00 24 30 30 30 30 05 05 05 05
2015 02 09 11 48 30 30 30 30 05 05 05 05
2015 02 10 01 03 60 60 60 60 05 05 05 05
2015 02 10 11 59 60 60 60 60 05 05 05 05
2015 02 11 00 25 50 50 50 50 5 5 5 5
2015 02 11 12 15 50 50 50 50 5 5 5 5
2015 02 12 00 08 30 30 30 30 1 1 1 1
2015 02 12 11 53 30 30 30 30 1 1 1 1
2015 02 13 00 27 25 20 20 20 1 1 1 1
2015 02 13 11 51 25 20 20 20 1 1 1 1
2015 02 14 00 23 20 20 20 20 1 1 1 1
2015 02 14 11 04 20 20 20 20 1 1 1 1
2015 02 15 00 33 20 20 20 20 1 1 1 1
2015 02 15 12 01 10 10 20 20 1 1 1 1
2015 02 16 00 29 20 20 20 20 1 1 1 1
2015 02 16 10 49 20 20 20 20 1 1 1 1
2015 02 17 00 14 10 10 15 15 1 1 1 1
2015 02 17 11 56 10 10 15 15 1 1 1 1
2015 02 18 00 52 10 10 10 10 1 1 1 1
2015 02 18 11 56 10 10 10 10 1 1 1 1
2015 02 19 00 06 10 10 10 10 1 1 1 1
2015 02 19 12 06 10 10 10 10 1 1 1 1
2015 02 20 00 09 10 10 10 10 1 1 1 1
2015 02 20 11 51 10 10 10 10 1 1 1 1
2015 02 21 00 29 7 7 7 7 1 1 1 1
2015 02 21 12 18 7 7 7 7 1 1 1 1
2015 02 22 00 35 5 5 5 5 1 1 1 1
2015 02 22 12 42 5 5 5 5 1 1 1 1
2015 02 23 00 18 5 5 5 5 1 1 1 1
2015 02 23 11 58 5 5 5 5 1 1 1 1
2015 02 24 00 42 10 10 10 10 1 1 1 1
2015 02 24 11 55 2 5 10 10 1 1 1 1
2015 02 25 00 54 5 5 5 10 1 1 1 1
2015 02 25 12 04 5 5 5 10 1 1 1 1
2015 02 26 00 06 2 5 5 5 1 1 1 1
2015 02 26 12 05 2 5 5 5 1 1 1 1
2015 02 27 00 09 5 5 5 5 1 1 1 1
2015 02 27 11 58 5 5 5 5 1 1 1 1
2015 02 28 00 22 10 10 10 10 1 1 1 1
2015 02 28 12 44 30 30 30 30 1 1 1 1
2015 03 01 01 26 15 15 15 15 1 1 1 1
2015 03 01 11 52 15 15 15 15 1 1 1 1
2015 03 02 00 25 15 15 15 15 1 1 1 1
2015 03 02 12 38 30 30 20 15 01 01 01 01
2015 03 03 00 50 30 30 20 15 01 01 01 01
2015 03 03 11 38 20 15 15 15 01 01 01 01
2015 03 04 00 26 15 40 40 40 01 05 05 05
2015 03 04 12 28 10 10 20 20 1 1 5 5
2015 03 05 00 26 10 10 05 05 01 01 01 01
2015 03 05 12 18 10 10 05 05 01 01 01 01
2015 03 06 00 38 20 20 20 20 01 01 05 05
2015 03 06 12 26 30 30 30 30 01 01 05 05
2015 03 07 00 23 30 30 30 30 5 5 5 5
2015 03 07 11 43 30 30 30 30 5 5 5 5
2015 03 08 00 34 30 30 30 30 5 5 5 5
2015 03 08 11 54 30 30 30 30 5 5 5 5
2015 03 09 00 45 40 40 40 40 10 10 10 10
2015 03 09 12 34 60 60 60 60 10 10 10 10
2015 03 10 01 03 60 60 60 60 10 10 10 10
2015 03 10 12 15 55 55 60 60 10 10 10 10
2015 03 11 00 42 70 70 70 70 20 20 20 20
2015 03 11 12 32 70 70 70 70 20 20 20 20
2015 03 12 00 14 80 80 80 80 30 30 30 30
2015 03 12 04 10 80 80 80 80 30 30 30 30
2015 03 12 11 57 70 70 70 70 20 20 20 20
2015 03 13 00 44 70 70 65 55 25 25 25 20
2015 03 13 11 57 70 70 70 70 20 20 20 20
2015 03 14 00 49 70 70 70 70 20 20 20 20
2015 03 14 11 58 65 65 65 65 15 15 15 15
2015 03 15 00 33 65 65 65 65 15 15 15 15
2015 03 15 13 03 40 40 40 40 5 5 5 5
2015 03 16 00 54 60 60 60 60 20 20 20 20
2015 03 16 11 58 40 40 40 40 20 20 20 20
2015 03 17 00 38 60 60 60 60 20 20 20 20
2015 03 17 11 54 40 40 40 20 10 10 10 5
2015 03 18 00 30 40 40 40 20 10 10 10 5
2015 03 18 12 05 40 40 40 20 10 10 10 5
2015 03 19 00 00 40 25 15 10 10 5 2 1
2015 03 19 12 06 40 25 15 10 10 5 2 1
2015 03 20 00 24 25 5 5 5 3 1 1 1
2015 03 20 12 12 25 5 5 5 3 1 1 1
2015 03 21 00 26 20 25 25 25 1 1 1 1
2015 03 21 12 26 20 25 25 25 1 1 1 1
2015 03 22 00 32 20 20 25 30 1 1 1 1
2015 03 22 12 10 20 20 25 30 1 1 1 1
2015 03 23 00 55 20 20 25 30 1 1 1 1
2015 03 23 11 58 20 30 30 30 1 1 1 1
2015 03 24 01 04 20 30 30 30 1 1 1 1
2015 03 24 12 37 25 30 30 30 1 1 1 1
2015 03 25 00 39 30 30 30 30 05 05 05 05
2015 03 25 12 32 35 35 35 35 05 05 05 05
2015 03 26 00 38 30 30 30 30 05 05 05 05
2015 03 26 12 31 30 30 30 30 05 05 05 05
2015 03 27 00 32 30 30 30 30 05 05 05 05
2015 03 27 12 16 30 40 40 30 05 05 05 05
2015 03 28 00 47 25 25 25 25 1 1 1 1
2015 03 28 11 30 25 25 25 25 1 1 1 1
2015 03 29 00 42 25 25 25 25 1 1 1 1
2015 03 29 13 18 35 35 35 35 1 1 1 1
2015 03 30 08 28 35 35 35 35 1 1 1 1
2015 03 30 13 07 20 20 20 20 01 01 01 01
2015 03 31 01 14 20 20 20 30 1 1 1 2
2015 03 31 12 36 20 20 20 30 1 1 1 2
2015 04 01 00 08 10 10 20 30 1 1 2 5
2015 04 01 10 59 10 25 25 30 1 5 5 5
2015 04 02 00 22 20 20 20 20 5 5 5 5
2015 04 02 11 41 20 20 20 20 5 5 5 5
2015 04 03 00 19 20 20 20 20 5 5 5 5
2015 04 03 11 22 20 20 20 20 5 5 5 5
2015 04 04 00 14 15 15 15 20 1 1 1 3
2015 04 04 10 29 15 15 15 20 1 1 1 3
2015 04 05 00 13 10 15 15 20 1 1 1 1
2015 04 05 12 26 10 15 20 25 1 1 1 1
2015 04 06 00 14 15 15 15 15 1 1 1 1
2015 04 06 12 07 15 15 15 15 1 1 1 1
2015 04 07 00 04 10 10 10 10 1 1 1 1
2015 04 07 11 50 20 20 20 20 1 1 1 1
2015 04 08 00 30 20 20 20 20 1 1 1 1
2015 04 08 12 19 20 20 20 20 1 1 1 1
2015 04 09 00 23 30 30 30 30 5 5 5 5
2015 04 09 12 22 30 30 30 30 5 5 5 5
2015 04 10 00 27 25 25 25 25 5 5 5 5
2015 04 10 11 04 30 30 30 30 5 5 5 5
2015 04 11 00 07 30 30 30 30 10 10 10 10
2015 04 11 11 40 30 35 40 40 5 5 10 10
2015 04 12 00 14 40 40 40 40 10 10 15 15
2015 04 12 12 17 45 45 45 45 10 10 15 15
2015 04 13 00 33 60 65 70 70 15 15 15 15
2015 04 13 12 40 60 60 60 60 15 15 15 15
2015 04 13 23 12 40 40 40 40 5 5 5 5
2015 04 14 12 23 40 40 40 40 5 5 5 5
2015 04 14 23 45 35 40 40 45 10 10 10 10
2015 04 15 12 26 35 35 40 45 5 5 5 5
2015 04 16 00 16 50 50 50 50 5 5 5 5
2015 04 16 12 06 40 40 40 40 5 5 5 5
2015 04 17 00 27 40 40 40 40 5 5 5 5
2015 04 17 12 49 40 40 40 40 5 5 5 5
2015 04 18 00 24 40 40 40 40 5 5 5 5
2015 04 18 12 11 40 40 40 40 5 5 5 5
2015 04 19 00 15 40 40 40 40 5 5 5 5
2015 04 19 11 02 30 30 30 30 2 2 2 2
2015 04 20 00 33 30 30 30 30 2 2 2 2
2015 04 20 10 49 15 15 15 15 1 1 1 1
2015 04 20 23 59 10 15 15 15 1 1 1 1
2015 04 21 00 18 10 15 15 15 1 1 1 1
2015 04 21 12 00 40 40 40 10 10 10 10 10
2015 04 22 00 14 40 30 30 30 5 5 5 5
2015 04 22 12 29 40 30 30 30 5 5 5 5
2015 04 23 00 10 30 30 30 30 5 5 5 5
2015 04 23 12 34 30 30 30 30 5 5 5 5
2015 04 24 12 44 20 20 20 20 5 5 5 5
2015 04 25 00 09 25 25 25 25 5 5 5 5
2015 04 25 12 00 20 20 20 20 5 5 5 5
2015 04 26 00 29 20 20 20 20 5 5 5 5
2015 04 26 12 09 20 20 20 20 5 5 5 5
2015 04 27 00 07 20 20 20 20 1 1 1 1
2015 04 27 10 55 10 10 10 10 1 1 1 1
2015 04 28 00 03 10 10 10 10 1 1 1 1
2015 04 28 12 03 10 10 10 10 1 1 1 1
2015 04 28 23 39 5 5 5 5 1 1 1 1
2015 04 29 00 09 5 5 5 5 1 1 1 1
2015 04 29 11 16 5 5 5 5 1 1 1 1
2015 04 30 10 48 5 5 5 5 1 1 1 1
2015 05 01 00 07 5 5 5 5 1 1 1 1
2015 05 01 11 39 5 5 5 5 1 1 1 1
2015 05 02 00 28 5 5 5 5 1 1 1 1
2015 05 02 12 06 5 10 10 15 1 1 1 1
2015 05 03 00 33 5 5 10 10 1 1 1 1
2015 05 03 10 46 10 10 10 10 1 1 1 1
2015 05 04 00 14 10 10 10 15 1 1 1 1
2015 05 04 10 52 10 10 10 15 1 1 1 1
2015 05 04 23 24 40 40 40 40 5 5 5 5
2015 05 05 12 12 60 60 60 60 5 5 5 5
2015 05 06 00 18 60 60 60 60 15 15 15 15
2015 05 06 12 19 70 70 70 70 20 20 20 20
2015 05 07 00 36 70 70 70 70 20 20 20 20
2015 05 07 12 27 70 70 70 70 20 20 20 20
2015 05 08 00 18 70 70 70 70 15 15 15 15
2015 05 08 11 59 70 70 70 70 15 15 15 15
2015 05 08 12 02 70 70 70 70 15 15 15 15
2015 05 09 00 20 70 70 70 70 10 10 10 10
2015 05 09 12 02 70 70 70 70 10 10 10 10
2015 05 10 00 33 55 55 55 55 10 10 10 10
2015 05 10 11 15 40 40 40 40 5 5 5 5
2015 05 11 00 08 40 40 45 45 5 5 5 5
2015 05 11 11 57 40 40 40 40 5 5 5 5
2015 05 12 00 33 45 45 45 45 5 5 5 5
2015 05 12 10 43 40 40 40 40 5 5 5 5
2015 05 13 00 39 40 40 40 40 5 5 5 5
2015 05 13 11 55 40 40 40 40 5 5 5 5
2015 05 14 00 32 40 40 40 40 10 10 10 10
2015 05 14 11 54 40 40 40 40 5 5 5 5
2015 05 15 00 34 30 30 30 30 3 3 3 3
2015 05 15 12 24 30 30 30 30 3 3 3 3
2015 05 16 00 19 30 30 30 30 5 5 5 5
2015 05 16 10 47 35 30 30 30 5 5 5 5
2015 05 17 00 17 25 25 10 10 2 2 1 1
2015 05 17 11 06 20 20 10 10 2 2 1 1
2015 05 18 00 08 10 10 5 1 1 1 1 1
2015 05 18 12 11 10 10 5 1 1 1 1 1
2015 05 19 00 06 5 5 5 5 1 1 1 1
2015 05 19 11 08 17 15 15 15 1 1 1 1
2015 05 20 00 03 5 5 5 5 1 1 1 1
2015 05 20 11 04 7 7 7 7 1 1 1 1
2015 05 21 00 25 5 5 5 5 1 1 1 1
2015 05 21 12 09 5 5 5 5 1 1 1 1
2015 05 21 22 56 5 5 5 5 1 1 1 1
2015 05 22 12 33 5 5 5 5 1 1 1 1
2015 05 23 00 01 10 10 10 10 1 1 1 1
2015 05 23 10 17 13 10 10 10 1 1 1 1
2015 05 24 00 29 10 10 10 10 1 1 1 1
2015 05 24 10 57 10 10 10 10 1 1 1 1
2015 05 25 02 05 10 10 10 10 1 1 1 1
2015 05 25 11 51 10 10 10 10 1 1 1 1
2015 05 26 00 02 10 10 10 10 1 1 1 1
2015 05 26 12 00 10 10 10 10 1 1 1 1
2015 05 26 23 48 5 5 10 15 1 1 1 1
2015 05 27 11 14 5 5 10 15 1 1 1 1
2015 05 28 00 24 5 5 10 15 1 1 1 1
2015 05 28 11 33 5 5 10 10 1 1 1 1
2015 05 29 00 09 5 5 10 10 1 1 1 1
2015 05 29 12 25 5 5 10 10 1 1 1 1
2015 05 29 23 56 1 5 5 5 1 1 1 1
2015 05 30 11 31 1 5 5 5 1 1 1 1
2015 05 31 00 12 5 5 5 5 1 1 1 1
2015 05 31 12 04 5 10 10 10 1 1 1 1
2015 06 01 00 13 5 10 10 10 1 1 1 1
2015 06 01 10 56 5 5 10 10 1 1 1 1
2015 06 01 22 27 10 10 10 10 1 1 1 1
2015 06 02 00 18 10 10 10 10 1 1 1 1
2015 06 02 10 26 5 5 10 10 1 1 1 1
2015 06 03 23 00 20 20 20 20 1 1 1 1
2015 06 04 11 59 15 20 20 20 1 1 1 1
2015 06 04 22 58 30 30 30 30 5 5 5 5
2015 06 05 12 22 30 30 30 30 5 5 5 5
2015 06 06 00 04 25 25 25 25 1 1 1 1
2015 06 06 11 47 25 25 25 25 1 1 1 1
2015 06 07 00 26 25 25 25 25 1 1 1 1
2015 06 07 12 06 25 25 25 25 1 1 1 1
2015 06 07 23 55 25 25 25 25 1 1 1 1
2015 06 08 00 49 25 25 25 25 1 1 1 1
2015 06 08 10 27 25 25 25 25 1 1 1 1
2015 06 09 00 27 20 20 20 20 1 1 1 1
2015 06 09 11 37 25 25 25 25 2 2 2 2
2015 06 10 00 33 20 20 20 20 2 2 2 2
2015 06 10 10 54 20 20 20 20 2 2 2 2
2015 06 11 00 06 20 20 20 20 2 2 2 2
2015 06 11 10 56 30 35 40 40 2 5 5 5
2015 06 12 00 18 30 35 40 40 2 5 5 5
2015 06 12 11 17 30 30 30 30 1 1 1 1
2015 06 13 00 16 40 40 30 30 1 1 1 1
2015 06 13 11 46 40 40 30 30 1 1 1 1
2015 06 13 23 59 30 25 20 20 1 1 1 1
2015 06 14 12 39 30 25 20 20 1 1 1 1
2015 06 14 23 34 35 35 35 35 1 2 5 5
2015 06 15 11 46 30 30 30 30 1 1 1 1
2015 06 15 23 37 25 25 25 25 1 1 1 1
2015 06 16 00 17 25 25 25 25 1 1 1 1
2015 06 16 11 47 25 25 25 25 1 1 1 1
2015 06 17 04 50 30 30 30 30 5 5 5 5
2015 06 17 12 11 30 30 30 30 5 5 5 5
2015 06 18 00 02 30 30 30 30 5 5 5 5
2015 06 18 12 39 35 30 30 30 10 5 5 5
2015 06 19 00 04 60 60 60 60 15 15 15 15
2015 06 19 11 44 70 70 70 70 15 15 15 15
2015 06 20 00 30 60 60 60 60 15 15 15 15
2015 06 20 11 55 70 70 70 70 15 15 15 15
2015 06 21 00 21 70 70 70 60 15 15 15 15
2015 06 21 12 40 70 70 70 70 15 15 15 15
2015 06 22 10 53 75 75 75 75 20 20 20 20
2015 06 23 00 46 75 75 75 75 20 20 20 20
2015 06 23 10 53 75 75 75 75 20 20 20 20
2015 06 24 00 42 70 70 70 70 20 20 20 20
2015 06 24 10 43 70 70 70 70 15 15 15 15
2015 06 24 22 52 60 60 60 60 10 10 10 10
2015 06 25 11 24 60 60 60 60 10 10 10 10
2015 06 26 00 09 60 60 40 30 10 10 5 5
2015 06 26 11 22 60 60 40 30 10 10 5 5
2015 06 27 00 06 60 40 30 30 10 5 5 5
2015 06 27 12 00 60 40 20 10 10 5 1 1
2015 06 28 00 21 50 20 10 5 5 1 1 1
2015 06 28 10 49 30 20 10 5 3 1 1 1
2015 06 29 11 05 20 15 10 10 1 1 1 1
2015 06 30 00 14 10 10 10 10 1 1 1 1
2015 06 30 10 22 10 10 10 10 1 1 1 1
2015 07 01 00 23 10 10 10 10 1 1 1 1
2015 07 01 12 23 10 10 10 10 1 1 1 1
2015 07 02 00 07 10 10 10 10 1 1 1 1
2015 07 02 12 16 10 10 10 10 1 1 1 1
2015 07 03 00 18 10 10 10 10 1 1 1 1
2015 07 03 11 37 25 25 25 25 2 2 2 2
2015 07 04 00 12 30 30 30 30 2 2 2 2
2015 07 05 00 10 10 10 10 10 1 1 1 1
2015 07 05 10 46 10 10 10 10 1 1 1 1
2015 07 06 00 20 15 15 20 20 1 1 2 2
2015 07 06 12 02 30 30 40 40 5 5 5 5
2015 07 07 00 38 45 45 45 45 10 10 10 10
2015 07 07 10 59 45 45 45 45 10 10 10 10
2015 07 08 00 32 40 40 40 40 10 10 10 10
2015 07 08 11 33 40 40 40 40 3 3 3 3
2015 07 09 00 29 20 20 20 20 5 5 5 5
2015 07 09 11 31 30 30 30 30 5 5 5 5
2015 07 10 00 16 30 30 30 30 5 5 5 5
2015 07 10 11 23 30 30 30 30 5 5 5 5
2015 07 10 23 56 35 35 30 30 5 5 5 5
2015 07 11 10 58 30 30 30 30 1 1 1 1
2015 07 12 00 26 20 20 20 20 1 1 1 1
2015 07 12 23 58 20 15 10 10 1 1 1 1
2015 07 13 12 06 20 15 10 10 1 1 1 1
2015 07 13 23 19 10 10 10 10 1 1 1 1
2015 07 14 11 28 10 10 10 10 1 1 1 1
2015 07 15 00 31 5 5 5 5 1 1 1 1
2015 07 15 11 56 5 5 5 5 1 1 1 1
2015 07 16 00 32 3 3 3 3 1 1 1 1
2015 07 16 10 59 3 3 3 3 1 1 1 1
2015 07 16 23 35 5 5 5 10 1 1 1 1
2015 07 17 11 15 5 5 5 10 1 1 1 1
2015 07 18 04 22 5 5 10 10 1 1 1 1
2015 07 18 12 14 5 5 10 10 1 1 1 1
2015 07 19 00 29 5 10 10 10 1 1 1 1
2015 07 19 12 11 5 10 10 10 1 1 1 1
2015 07 20 00 38 5 5 5 5 1 1 1 1
2015 07 20 10 53 5 5 5 5 1 1 1 1
2015 07 20 23 57 10 10 10 10 1 1 1 1
2015 07 21 10 50 5 5 10 10 1 1 1 1
2015 07 22 00 24 5 5 5 5 1 1 1 1
2015 07 22 11 50 5 5 5 5 1 1 1 1
2015 07 23 00 00 5 5 5 5 1 1 1 1
2015 07 23 10 59 5 5 5 5 1 1 1 1
2015 07 24 00 00 5 5 5 5 1 1 1 1
2015 07 24 11 06 5 5 5 5 1 1 1 1
2015 07 25 00 27 5 5 10 10 1 1 1 1
2015 07 25 10 39 5 5 10 10 1 1 1 1
2015 07 25 22 43 5 5 5 10 1 1 1 1
2015 07 26 10 44 15 15 15 15 1 1 1 1
2015 07 27 00 04 10 10 15 15 1 1 1 1
2015 07 27 10 57 10 10 15 15 1 1 1 1
2015 07 28 00 06 15 15 15 15 1 1 1 1
2015 07 28 11 43 10 10 10 10 1 1 1 1
2015 07 28 23 45 10 10 10 10 1 1 1 1
2015 07 29 12 34 10 10 10 10 1 1 1 1
2015 07 30 00 04 10 10 10 10 1 1 1 1
2015 07 30 11 14 10 10 10 10 1 1 1 1
2015 07 31 00 00 10 10 10 10 1 1 1 1
2015 07 31 11 21 5 5 5 5 1 1 1 1
2015 08 01 00 26 5 5 5 5 1 1 1 1
2015 08 01 10 42 5 5 5 5 1 1 1 1
2015 08 02 00 15 5 5 5 5 1 1 1 1
2015 08 02 10 58 5 5 5 5 1 1 1 1
2015 08 02 23 27 5 5 5 5 1 1 1 1
2015 08 03 00 33 1 5 10 10 1 1 1 1
2015 08 03 10 53 1 5 10 10 1 1 1 1
2015 08 04 00 05 5 10 10 15 1 1 1 5
2015 08 04 10 55 5 10 10 15 1 1 1 5
2015 08 04 23 29 5 10 10 10 1 1 1 1
2015 08 05 11 13 5 10 10 10 1 1 1 1
2015 08 06 00 20 20 20 20 20 1 1 1 1
2015 08 06 12 17 20 20 20 20 1 1 1 1
2015 08 07 00 00 20 20 20 20 1 1 1 1
2015 08 07 10 43 20 20 20 20 1 1 1 1
2015 08 07 23 38 35 40 40 40 5 10 10 10
2015 08 08 12 03 35 40 40 40 5 10 10 10
2015 08 09 00 03 30 30 30 30 5 5 5 5
2015 08 09 11 57 30 30 30 30 5 5 5 5
2015 08 09 23 51 30 30 30 30 5 5 5 5
2015 08 10 11 10 20 20 20 20 5 5 5 5
2015 08 10 23 48 20 20 20 20 5 5 5 5
2015 08 11 11 29 30 30 30 30 1 1 1 1
2015 08 12 00 04 20 20 20 20 1 1 1 1
2015 08 12 10 26 20 20 20 20 1 1 1 1
2015 08 12 23 25 20 20 15 10 1 1 1 1
2015 08 13 10 33 20 20 15 10 1 1 1 1
2015 08 14 00 15 20 20 20 20 1 1 1 1
2015 08 14 11 08 10 10 10 10 1 1 1 1
2015 08 15 00 01 10 10 10 10 1 1 1 1
2015 08 15 11 07 10 10 10 10 1 1 1 1
2015 08 16 00 11 5 5 5 5 1 1 1 1
2015 08 16 11 45 1 1 1 1 1 1 1 1
2015 08 17 00 41 1 1 1 1 1 1 1 1
2015 08 17 11 08 1 1 1 1 1 1 1 1
2015 08 18 00 26 5 5 5 5 1 1 1 1
2015 08 18 11 52 5 5 5 5 1 1 1 1
2015 08 19 00 16 1 1 1 1 1 1 1 1
2015 08 19 10 51 5 5 5 5 1 1 1 1
2015 08 20 00 25 10 10 10 10 1 1 1 1
2015 08 20 10 47 20 20 20 20 1 1 1 1
2015 08 21 00 12 25 25 30 30 1 1 1 5
2015 08 21 12 01 50 50 50 50 5 5 5 5
2015 08 22 00 36 60 60 60 60 10 10 10 10
2015 08 22 11 29 60 65 70 70 5 10 10 10
2015 08 23 00 14 60 60 60 60 10 10 10 10
2015 08 23 12 21 60 60 60 60 10 10 10 10
2015 08 24 00 00 60 60 60 60 10 10 10 10
2015 08 24 12 16 70 70 70 70 20 20 20 20
2015 08 24 23 39 70 65 60 60 10 10 10 10
2015 08 25 12 30 70 65 60 60 10 10 10 10
2015 08 26 00 11 60 60 60 60 10 10 10 10
2015 08 26 10 59 60 60 60 60 10 10 10 10
2015 08 27 00 36 60 60 60 60 10 10 10 10
2015 08 27 11 12 60 60 55 45 10 10 10 10
2015 08 28 00 32 60 55 45 35 10 10 10 5
2015 08 28 12 33 55 55 45 35 10 10 10 5
2015 08 29 00 31 60 50 30 10 10 10 5 1
2015 08 29 12 11 55 55 30 10 1 1 1 1
2015 08 30 00 00 45 30 10 5 5 1 1 1
2015 08 30 12 14 45 30 10 5 5 1 1 1
2015 08 31 00 29 20 5 1 1 1 1 1 1
2015 08 31 12 22 15 5 1 1 1 1 1 1
2015 09 01 00 40 5 5 5 5 1 1 1 1
2015 09 01 12 19 5 5 5 5 1 1 1 1
2015 09 01 22 59 2 2 2 2 1 1 1 1
2015 09 02 11 30 1 1 1 1 1 1 1 1
2015 09 03 00 29 1 1 1 1 1 1 1 1
2015 09 03 11 21 1 1 1 1 1 1 1 1
2015 09 03 23 50 8 8 8 8 1 1 1 1
2015 09 04 11 07 5 5 5 5 1 1 1 1
2015 09 04 23 07 5 5 5 5 1 1 1 1
2015 09 05 12 31 5 5 5 5 1 1 1 1
2015 09 06 00 29 5 5 5 5 1 1 1 1
2015 09 06 12 13 5 5 5 5 1 1 1 1
2015 09 07 00 18 5 5 5 5 1 1 1 1
2015 09 07 12 30 5 5 5 5 1 1 1 1
2015 09 08 01 31 5 5 5 5 1 1 1 1
2015 09 08 12 01 5 5 5 5 1 1 1 1
2015 09 09 00 25 5 5 5 5 1 1 1 1
2015 09 09 12 38 5 5 5 5 1 1 1 1
2015 09 10 00 18 5 5 5 5 1 1 1 1
2015 09 10 11 06 5 5 5 5 1 1 1 1
2015 09 11 00 19 5 5 7 10 1 1 1 1
2015 09 11 12 32 10 10 10 10 1 1 1 1
2015 09 12 00 29 15 15 15 20 1 1 1 2
2015 09 12 10 59 15 15 15 20 1 1 1 2
2015 09 12 23 55 10 15 20 20 1 1 1 1
2015 09 13 10 59 10 15 20 20 1 1 1 1
2015 09 14 00 05 10 15 15 15 1 1 1 1
2015 09 14 12 29 10 15 15 15 1 1 1 1
2015 09 15 00 03 10 15 15 15 1 1 1 1
2015 09 15 12 25 15 15 15 15 1 1 1 1
2015 09 16 00 07 15 15 15 15 1 1 1 1
2015 09 16 11 24 15 15 15 15 1 1 1 1
2015 09 17 00 07 20 20 20 20 1 1 1 1
2015 09 17 10 54 35 35 35 35 1 1 5 5
2015 09 17 23 45 30 30 30 30 2 2 2 2
2015 09 18 11 10 30 30 30 30 1 1 1 1
2015 09 18 23 14 25 25 25 25 1 1 1 1
2015 09 19 11 13 25 25 25 25 1 1 1 1
2015 09 20 00 23 20 20 20 20 5 5 5 5
2015 09 20 10 59 40 40 40 40 5 5 5 5
2015 09 21 00 39 40 40 40 40 5 5 5 5
2015 09 21 12 28 40 40 40 40 5 5 5 5
2015 09 22 11 44 20 20 20 20 1 1 1 1
2015 09 23 11 58 25 25 25 25 1 1 1 1
2015 09 24 00 40 30 30 30 30 1 1 1 1
2015 09 24 11 28 25 25 25 25 1 1 1 1
2015 09 25 00 29 20 20 20 20 1 1 1 1
2015 09 25 11 25 20 20 25 25 1 1 1 1
2015 09 26 00 30 25 25 25 25 1 1 1 1
2015 09 26 11 00 35 35 35 35 5 5 5 5
2015 09 26 23 31 25 30 35 35 1 1 5 5
2015 09 27 12 20 40 40 40 40 3 3 3 3
2015 09 28 00 10 70 70 70 70 10 10 10 10
2015 09 28 11 27 70 70 70 70 10 10 10 10
2015 09 29 00 26 70 70 70 70 20 20 20 20
2015 09 29 12 34 90 70 70 70 20 20 20 20
2015 09 29 23 59 70 70 70 65 20 20 20 15
2015 09 30 11 18 70 70 70 65 20 20 20 15
2015 10 01 00 20 60 60 60 50 15 15 15 15
2015 10 01 11 39 70 70 60 50 15 15 15 10
2015 10 02 00 37 70 70 50 20 15 15 10 5
2015 10 02 11 27 70 60 50 20 15 15 10 5
2015 10 03 00 49 60 50 20 10 15 10 5 1
2015 10 03 10 56 60 50 20 10 15 10 5 1
2015 10 03 23 11 30 15 10 10 5 1 1 1
2015 10 04 11 16 30 15 10 10 5 1 1 1
2015 10 05 00 00 15 5 5 5 5 1 1 1
2015 10 05 12 44 10 5 5 5 5 1 1 1
2015 10 06 00 19 5 5 5 5 1 1 1 1
2015 10 06 11 45 5 5 5 5 1 1 1 1
2015 10 06 23 52 5 5 5 5 1 1 1 1
2015 10 07 10 57 5 5 5 5 1 1 1 1
2015 10 08 00 03 2 2 2 2 1 1 1 1
2015 10 08 10 29 2 2 2 2 1 1 1 1
2015 10 09 00 20 2 2 2 5 1 1 1 1
2015 10 09 12 28 2 2 2 5 1 1 1 1
2015 10 10 00 04 5 5 5 10 1 1 1 1
2015 10 10 11 00 5 5 5 10 1 1 1 1
2015 10 11 00 27 5 5 10 10 1 1 1 1
2015 10 11 11 20 5 5 10 10 1 1 1 1
2015 10 12 00 20 10 10 20 20 1 1 1 1
2015 10 12 11 31 5 15 20 20 1 1 1 1
2015 10 13 00 00 5 15 20 20 1 1 1 1
2015 10 13 10 43 5 15 20 20 1 1 1 1
2015 10 14 00 27 20 25 25 30 1 1 1 1
2015 10 14 11 50 20 25 30 30 1 1 1 1
2015 10 15 01 00 25 30 30 30 1 1 1 1
2015 10 15 11 35 25 30 30 30 1 1 1 1
2015 10 16 00 32 30 30 30 30 1 1 1 1
2015 10 16 12 26 40 40 40 40 2 2 2 2
2015 10 16 23 55 35 35 35 35 2 2 2 2
2015 10 17 12 24 40 40 40 40 2 2 2 2
2015 10 18 00 01 55 55 55 55 5 5 5 5
2015 10 19 00 19 50 50 55 55 3 3 5 5
2015 10 19 11 34 50 50 50 50 5 5 5 5
2015 10 20 00 02 40 40 40 40 5 5 5 5
2015 10 20 10 15 30 30 30 30 1 1 1 1
2015 10 21 00 06 30 30 30 30 1 1 1 1
2015 10 21 10 43 30 30 30 30 1 1 1 1
2015 10 22 00 18 40 40 40 40 5 5 5 5
2015 10 22 12 10 35 35 35 35 5 5 5 5
2015 10 23 00 00 20 20 20 20 1 1 1 1
2015 10 23 11 03 20 20 20 20 1 1 1 1
2015 10 24 00 34 20 20 20 20 1 1 1 1
2015 10 24 12 02 15 15 15 15 1 1 1 1
2015 10 24 23 57 15 15 15 15 1 1 1 1
2015 10 25 11 50 15 15 15 15 1 1 1 1
2015 10 26 00 06 15 15 15 15 1 1 1 1
2015 10 26 12 06 15 15 15 15 1 1 1 1
2015 10 27 00 06 15 15 15 15 1 1 1 1
2015 10 27 11 52 10 10 10 10 1 1 1 1
2015 10 28 00 00 10 10 10 10 1 1 1 1
2015 10 28 11 49 10 15 20 25 1 1 1 1
2015 10 29 01 07 10 20 25 30 1 1 1 1
2015 10 29 12 24 15 15 15 15 1 1 1 1
2015 10 30 00 33 15 15 20 20 1 1 1 1
2015 10 30 12 01 20 30 30 30 2 5 5 5
2015 10 31 00 14 40 40 40 40 10 10 10 10
2015 10 31 11 50 40 40 40 40 10 10 10 10
2015 11 01 00 12 60 60 60 60 10 10 10 10
2015 11 01 12 05 60 60 60 60 10 10 10 10
2015 11 01 23 56 60 60 60 60 10 10 10 10
2015 11 02 12 34 60 60 60 60 15 15 15 15
2015 11 03 01 13 60 60 60 60 10 10 10 10
2015 11 03 12 54 60 60 60 60 10 10 10 10
2015 11 04 00 20 60 60 60 60 10 10 10 10
2015 11 04 13 13 60 60 60 60 10 10 10 10
2015 11 05 01 55 70 70 70 70 10 10 10 10
2015 11 05 12 40 45 45 40 40 5 5 5 5
2015 11 06 00 14 30 35 35 35 5 5 5 5
2015 11 06 13 13 30 30 30 30 5 5 5 5
2015 11 07 00 04 30 30 30 30 5 5 5 5
2015 11 08 01 01 25 25 25 25 1 1 1 1
2015 11 08 12 00 25 25 25 20 1 1 1 1
2015 11 09 02 46 15 15 15 15 1 1 1 1
2015 11 09 13 50 15 15 15 15 1 1 1 1
2015 11 09 23 38 15 15 15 15 1 1 1 1
2015 11 10 12 42 15 15 15 15 1 1 1 1
2015 11 11 00 02 15 15 15 15 1 1 1 1
2015 11 11 11 56 15 15 15 15 1 1 1 1
2015 11 12 00 02 10 10 10 10 1 1 1 1
2015 11 12 11 56 10 10 10 10 1 1 1 1
2015 11 13 00 25 10 10 10 10 1 1 1 1
2015 11 13 13 04 10 10 10 10 1 1 1 1
2015 11 14 00 00 5 5 5 5 1 1 1 1
2015 11 14 13 27 5 5 5 5 1 1 1 1
2015 11 15 00 15 5 5 5 5 1 1 1 1
2015 11 15 12 23 5 5 5 5 1 1 1 1
2015 11 16 00 09 5 5 5 5 1 1 1 1
2015 11 16 12 24 5 5 5 5 1 1 1 1
2015 11 17 00 30 5 5 5 5 1 1 1 1
2015 11 17 12 01 7 7 7 7 1 1 1 1
2015 11 18 00 20 5 5 5 5 1 1 1 1
2015 11 18 11 44 5 5 5 5 1 1 1 1
2015 11 19 02 35 5 5 5 5 1 1 1 1
2015 11 19 12 32 5 5 20 20 1 1 1 1
2015 11 20 00 08 5 5 10 10 1 1 1 1
2015 11 20 12 04 5 5 10 15 1 1 1 1
2015 11 21 00 03 5 5 5 10 1 1 1 1
2015 11 21 12 13 5 5 5 5 1 1 1 1
2015 11 22 00 00 5 5 10 10 1 1 1 1
2015 11 22 12 42 30 30 30 30 2 2 2 2
2015 11 23 00 07 25 25 25 25 1 1 1 1
2015 11 23 12 08 25 25 25 25 1 1 1 1
2015 11 24 00 02 25 25 25 25 1 1 1 1
2015 11 24 12 14 25 25 25 25 1 1 1 1
2015 11 25 00 16 15 15 15 15 1 1 1 1
2015 11 25 12 00 15 15 15 15 1 1 1 1
2015 11 25 23 37 15 15 15 15 1 1 1 1
2015 11 26 12 02 15 15 15 15 1 1 1 1
2015 11 27 00 19 15 15 15 15 1 1 1 1
2015 11 27 12 31 10 10 10 10 1 1 1 1
2015 11 28 00 10 10 10 10 10 1 1 1 1
2015 11 28 12 24 5 5 5 5 1 1 1 1
2015 11 29 11 46 5 5 5 5 1 1 1 1
2015 11 30 00 15 5 5 5 5 1 1 1 1
2015 11 30 11 28 5 5 5 5 1 1 1 1
2015 12 01 00 09 10 10 5 5 1 1 1 1
2015 12 01 12 27 10 10 10 5 1 1 1 1
2015 12 02 00 24 10 10 5 5 1 1 1 1
2015 12 02 12 12 10 10 5 5 1 1 1 1
2015 12 03 00 21 5 5 5 5 1 1 1 1
2015 12 03 12 07 5 5 5 5 1 1 1 1
2015 12 04 00 22 5 5 5 5 1 1 1 1
2015 12 04 12 00 10 10 10 10 1 1 1 1
2015 12 05 00 25 20 20 20 20 1 1 1 1
2015 12 05 12 00 20 20 20 20 1 1 1 1
2015 12 06 00 01 10 10 10 10 1 1 1 1
2015 12 06 12 04 15 15 15 15 1 1 1 1
2015 12 07 00 27 10 10 10 10 1 1 1 1
2015 12 07 12 24 10 10 10 10 1 1 1 1
2015 12 08 00 59 10 10 10 10 1 1 1 1
2015 12 08 12 24 5 5 5 5 1 1 1 1
2015 12 09 00 21 20 20 20 20 1 1 1 1
2015 12 09 12 25 20 20 20 20 1 1 1 1
2015 12 10 00 23 20 20 20 20 1 1 1 1
2015 12 10 12 15 15 15 15 15 1 1 1 1
2015 12 11 00 45 15 15 15 15 1 1 1 1
2015 12 11 12 11 15 15 15 15 1 1 1 1
2015 12 12 00 07 15 15 15 15 1 1 1 1
2015 12 12 12 34 15 15 15 15 1 1 1 1
2015 12 13 00 20 30 30 30 30 1 1 1 1
2015 12 13 12 06 30 30 30 30 1 1 1 1
2015 12 14 00 12 30 30 30 30 1 1 1 1
2015 12 14 11 19 30 30 30 30 1 1 1 1
2015 12 15 00 38 30 30 30 30 1 1 1 1
2015 12 15 13 05 30 30 30 30 1 1 1 1
2015 12 16 00 20 30 30 30 30 1 1 1 1
2015 12 16 12 15 25 25 25 25 1 1 1 1
2015 12 17 00 43 30 30 30 30 1 1 1 1
2015 12 17 11 56 20 20 20 20 1 1 1 1
2015 12 18 00 06 20 20 20 20 1 1 1 1
2015 12 18 12 21 20 20 20 20 1 1 1 1
2015 12 19 00 00 20 20 20 20 1 1 1 1
2015 12 19 12 40 15 15 15 20 1 1 1 1
2015 12 20 00 49 20 25 30 30 1 1 1 1
2015 12 20 12 26 20 25 30 30 1 1 1 1
2015 12 21 02 10 30 30 30 30 1 1 1 1
2015 12 21 12 45 70 70 70 70 5 5 5 5
2015 12 22 00 27 50 50 50 50 1 1 1 1
2015 12 22 12 15 50 50 50 50 1 1 1 1
2015 12 23 00 29 50 50 50 50 10 10 10 10
2015 12 23 12 15 60 60 60 60 15 15 15 15
2015 12 24 00 30 60 60 60 60 5 5 5 5
2015 12 24 12 19 60 60 60 60 10 10 10 10
2015 12 25 00 34 50 50 50 50 10 10 10 10
2015 12 25 12 01 50 50 50 50 10 10 10 10
2015 12 25 23 47 50 50 50 50 5 5 5 5
2015 12 26 12 00 50 50 50 50 5 5 5 5
2015 12 27 00 15 50 50 50 50 5 5 5 5
2015 12 27 12 25 50 50 50 50 5 5 5 5
2015 12 28 00 27 40 40 40 40 5 5 5 5
2015 12 28 12 21 50 50 50 50 5 5 5 5
2015 12 29 00 10 60 60 60 60 5 5 5 5
2015 12 29 12 48 40 40 35 30 5 5 5 5
2015 12 30 00 54 40 40 40 30 5 5 5 5
2015 12 30 12 27 40 40 30 30 5 5 5 5
2015 12 31 01 17 20 20 20 20 1 1 1 1
2015 12 31 12 29 20 20 20 20 1 1 1 1
2016 01 01 02 08 20 20 10 10 1 1 1 1
2016 01 01 12 00 20 20 10 10 1 1 1 1
2016 01 02 00 30 30 30 10 10 1 1 1 1
2016 01 02 12 37 40 20 10 10 1 1 1 1
2016 01 03 00 37 30 10 10 20 1 1 1 1
2016 01 03 11 55 20 15 15 15 1 1 1 1
2016 01 04 00 00 15 15 15 15 1 1 1 1
2016 01 04 12 03 10 10 10 10 1 1 1 1
2016 01 05 00 05 10 10 10 10 1 1 1 1
2016 01 05 11 59 5 5 5 5 1 1 1 1
2016 01 06 00 25 5 5 5 5 1 1 1 1
2016 01 06 12 24 5 5 5 5 1 1 1 1
2016 01 07 00 00 10 10 10 10 1 1 1 1
2016 01 07 12 29 10 10 10 10 1 1 1 1
2016 01 08 00 26 10 10 10 10 1 1 1 1
2016 01 08 12 30 15 15 15 15 1 1 1 1
2016 01 09 00 37 15 15 15 15 1 1 1 1
2016 01 09 12 09 10 10 10 10 1 1 1 1
2016 01 10 00 17 10 10 10 10 1 1 1 1
2016 01 10 11 44 10 10 10 10 1 1 1 1
2016 01 11 00 13 10 10 10 10 1 1 1 1
2016 01 11 12 26 5 5 5 5 1 1 1 1
2016 01 12 00 31 5 5 5 5 1 1 1 1
2016 01 12 12 04 5 5 5 5 1 1 1 1
2016 01 12 23 40 5 5 5 5 1 1 1 1
2016 01 13 12 24 5 5 5 5 1 1 1 1
2016 01 14 00 12 5 5 5 5 1 1 1 1
2016 01 14 12 13 5 5 5 5 1 1 1 1
2016 01 15 00 23 5 5 5 5 1 1 1 1
2016 01 15 12 16 5 5 5 5 1 1 1 1
2016 01 16 00 02 5 5 5 5 1 1 1 1
2016 01 16 12 28 5 5 5 5 1 1 1 1
2016 01 17 00 01 5 5 5 5 1 1 1 1
2016 01 17 12 00 5 5 5 5 1 1 1 1
2016 01 18 00 23 5 5 5 5 1 1 1 1
2016 01 18 00 34 5 5 5 5 1 1 1 1
2016 01 19 00 27 5 5 5 5 1 1 1 1
2016 01 19 11 51 5 5 5 5 1 1 1 1
2016 01 19 11 51 5 5 5 5 1 1 1 1
2016 01 20 00 22 5 5 5 5 1 1 1 1
2016 01 20 12 18 5 5 5 5 1 1 1 1
2016 01 21 00 23 7 7 7 7 1 1 1 1
2016 01 21 11 44 10 10 10 10 1 1 1 1
2016 01 22 00 26 10 10 10 10 1 1 1 1
2016 01 22 11 34 10 10 10 10 1 1 1 1
2016 01 23 00 28 10 10 10 10 1 1 1 1
2016 01 23 11 40 10 10 10 10 1 1 1 1
2016 01 24 00 02 5 5 5 5 1 1 1 1
2016 01 24 12 09 5 10 10 10 1 1 1 1
2016 01 25 00 27 5 10 10 10 1 1 1 1
2016 01 25 12 03 15 20 20 20 1 1 1 1
2016 01 26 00 26 20 20 20 20 1 1 1 1
2016 01 26 12 02 20 20 20 20 1 1 1 1
2016 01 27 00 28 10 10 10 10 1 1 1 1
2016 01 27 12 09 10 10 10 10 1 1 1 1
2016 01 28 00 04 15 15 15 15 1 1 1 1
2016 01 28 12 13 20 20 20 20 1 1 1 1
2016 01 29 00 20 20 20 20 20 1 1 1 1
2016 01 29 12 06 20 20 20 20 1 1 1 1
2016 01 30 00 27 15 15 15 15 1 1 1 1
2016 01 30 12 47 15 15 15 15 1 1 1 1
2016 01 31 00 25 10 10 10 10 1 1 1 1
2016 01 31 11 41 7 7 10 10 1 1 1 1
2016 02 01 00 17 5 5 5 5 1 1 1 1
2016 02 01 12 16 5 5 5 5 1 1 1 1
2016 02 02 00 32 5 5 5 5 1 1 1 1
2016 02 02 12 09 5 5 5 5 1 1 1 1
2016 02 03 00 33 5 5 5 5 1 1 1 1
2016 02 03 12 01 15 15 15 15 1 1 1 1
2016 02 04 00 15 15 15 15 15 1 1 1 1
2016 02 04 11 48 10 10 10 10 1 1 1 1
2016 02 05 00 04 25 25 25 25 2 2 2 2
2016 02 05 12 09 25 25 25 25 2 2 2 2
2016 02 06 00 09 20 20 20 20 1 1 1 1
2016 02 06 12 10 20 20 20 20 1 1 1 1
2016 02 07 00 25 15 15 15 15 1 1 1 1
2016 02 07 12 13 15 15 15 15 1 1 1 1
2016 02 08 00 38 15 15 15 15 1 1 1 1
2016 02 08 12 34 20 20 20 20 1 1 1 1
2016 02 09 00 15 20 20 20 20 1 1 1 1
2016 02 09 12 14 15 15 15 15 1 1 1 1
2016 02 10 00 25 15 15 15 15 1 1 1 1
2016 02 10 12 02 10 10 10 10 1 1 1 1
2016 02 11 00 00 10 10 10 10 1 1 1 1
2016 02 11 12 13 5 5 5 5 1 1 1 1
2016 02 12 00 23 10 10 10 10 1 1 1 1
2016 02 12 12 19 25 25 25 25 5 5 5 5
2016 02 13 00 27 25 25 25 25 5 5 5 5
2016 02 13 12 16 25 25 25 25 5 5 5 5
2016 02 14 00 06 35 35 35 35 5 5 5 5
2016 02 14 12 00 35 35 35 35 5 5 5 5
2016 02 15 00 19 35 35 35 35 5 5 5 5
2016 02 15 12 29 35 35 35 35 5 5 5 5
2016 02 16 00 51 35 35 20 20 5 5 3 3
2016 02 16 12 38 40 40 20 20 5 5 1 1
2016 02 17 00 31 35 20 5 5 5 1 1 1
2016 02 17 12 18 35 25 5 5 5 1 1 1
2016 02 18 12 20 10 10 5 5 1 1 1 1
2016 02 18 12 47 10 10 5 5 1 1 1 1
2016 02 19 00 29 5 5 5 5 1 1 1 1
2016 02 19 11 56 5 5 5 5 1 1 1 1
2016 02 20 00 27 10 10 10 10 1 1 1 1
2016 02 20 12 35 10 10 10 10 1 1 1 1
2016 02 21 00 13 10 10 10 10 1 1 1 1
2016 02 21 12 04 5 5 10 10 1 1 1 1
2016 02 22 00 04 10 10 10 10 1 1 1 1
2016 02 22 12 00 10 10 10 10 1 1 1 1
2016 02 23 00 40 5 5 5 5 1 1 1 1
2016 02 23 12 03 5 5 5 5 1 1 1 1
2016 02 23 23 58 5 5 5 5 1 1 1 1
2016 02 24 12 23 5 5 5 5 1 1 1 1
2016 02 25 00 22 5 5 5 5 1 1 1 1
2016 02 25 12 00 5 5 5 5 1 1 1 1
2016 02 26 00 09 5 5 5 5 1 1 1 1
2016 02 26 12 13 5 5 5 5 1 1 1 1
2016 02 27 00 17 5 5 5 5 1 1 1 1
2016 02 27 12 03 10 10 10 10 1 1 1 1
2016 02 28 00 24 10 10 10 10 1 1 1 1
2016 02 28 12 02 10 10 10 10 1 1 1 1
2016 02 28 23 52 10 10 10 10 1 1 1 1
2016 02 29 12 26 10 10 15 20 1 1 1 1
2016 03 01 00 07 10 10 15 15 1 1 1 1
2016 03 01 12 25 10 15 15 15 1 1 1 1
2016 03 02 00 19 10 10 10 10 1 1 1 1
2016 03 02 12 03 5 5 5 5 1 1 1 1
2016 03 03 00 00 5 5 5 5 1 1 1 1
2016 03 03 12 14 5 5 5 5 1 1 1 1
2016 03 04 00 36 5 5 5 5 1 1 1 1
2016 03 04 12 35 5 5 5 5 1 1 1 1
2016 03 05 00 00 5 5 5 5 1 1 1 1
2016 03 05 12 11 5 5 5 5 1 1 1 1
2016 03 06 00 26 5 5 5 5 1 1 1 1
2016 03 06 12 11 5 5 5 5 1 1 1 1
2016 03 07 01 02 5 5 5 5 1 1 1 1
2016 03 07 12 11 5 5 5 5 1 1 1 1
2016 03 08 00 25 5 5 5 5 1 1 1 1
2016 03 08 12 00 5 5 5 5 1 1 1 1
2016 03 09 00 27 5 5 5 5 1 1 1 1
2016 03 09 12 02 10 10 10 10 1 1 1 1
2016 03 10 00 24 10 10 10 10 1 1 1 1
2016 03 10 12 04 10 10 10 10 1 1 1 1
2016 03 11 00 24 10 10 10 10 1 1 1 1
2016 03 11 12 31 5 10 10 10 1 1 1 1
2016 03 12 00 28 5 5 5 5 1 1 1 1
2016 03 12 12 01 5 5 5 5 1 1 1 1
2016 03 13 00 52 5 5 5 5 1 1 1 1
2016 03 13 11 51 5 5 5 5 1 1 1 1
2016 03 14 00 03 5 5 5 5 1 1 1 1
2016 03 14 11 56 5 5 5 5 1 1 1 1
2016 03 15 00 34 5 5 5 5 1 1 1 1
2016 03 15 12 02 5 5 5 5 1 1 1 1
2016 03 15 23 38 10 10 10 10 1 1 1 1
2016 03 16 12 54 10 10 10 10 1 1 1 1
2016 03 17 00 47 5 5 5 5 1 1 1 1
2016 03 17 12 03 10 10 10 10 1 1 1 1
2016 03 18 00 12 10 10 10 10 1 1 1 1
2016 03 18 12 04 5 5 5 5 1 1 1 1
2016 03 19 00 17 5 5 5 5 1 1 1 1
2016 03 19 11 42 5 5 5 5 1 1 1 1
2016 03 20 00 23 5 5 5 5 1 1 1 1
2016 03 20 11 57 5 5 5 5 1 1 1 1
2016 03 21 00 30 5 5 5 5 1 1 1 1
2016 03 21 12 04 5 5 5 5 1 1 1 1
2016 03 22 00 01 5 5 5 5 1 1 1 1
2016 03 22 11 47 5 5 5 5 1 1 1 1
2016 03 23 00 20 5 5 5 5 1 1 1 1
2016 03 23 12 11 5 5 5 5 1 1 1 1
2016 03 24 00 04 5 5 5 5 1 1 1 1
2016 03 24 12 12 5 5 5 5 1 1 1 1
2016 03 25 12 22 5 5 5 5 1 1 1 1
2016 03 26 00 16 5 5 5 5 1 1 1 1
2016 03 26 12 00 5 5 5 5 1 1 1 1
2016 03 27 00 17 1 1 1 1 1 1 1 1
2016 03 27 12 00 1 1 1 1 1 1 1 1
2016 03 28 00 16 1 1 1 1 1 1 1 1
2016 03 28 11 15 1 1 1 1 1 1 1 1
2016 03 29 00 00 1 1 1 1 1 1 1 1
2016 03 29 11 25 1 1 1 1 1 1 1 1
2016 03 30 00 02 1 1 1 1 1 1 1 1
2016 03 30 11 14 1 1 1 1 1 1 1 1
2016 03 31 00 13 1 1 1 1 1 1 1 1
2016 03 31 12 04 2 2 2 2 1 1 1 1
2016 04 01 00 01 1 1 1 1 1 1 1 1
2016 04 01 12 41 1 1 1 1 1 1 1 1
2016 04 02 00 15 1 1 1 1 1 1 1 1
2016 04 02 12 22 1 1 1 1 1 1 1 1
2016 04 03 00 23 1 1 1 1 1 1 1 1
2016 04 03 12 19 1 1 1 1 1 1 1 1
2016 04 04 00 12 1 1 1 5 1 1 1 1
2016 04 04 12 18 1 1 1 5 1 1 1 1
2016 04 05 00 25 1 1 5 5 1 1 1 1
2016 04 05 12 18 1 1 5 5 1 1 1 1
2016 04 06 12 08 2 5 5 5 1 1 1 1
2016 04 07 00 25 5 5 5 5 1 1 1 1
2016 04 07 12 21 5 5 5 5 1 1 1 1
2016 04 08 00 40 5 5 5 5 1 1 1 1
2016 04 08 12 03 10 10 10 10 1 1 1 1
2016 04 09 00 26 10 10 10 10 1 1 1 1
2016 04 09 12 12 10 10 10 10 1 1 1 1
2016 04 10 00 06 20 20 20 20 1 1 1 1
2016 04 10 12 25 20 20 20 20 1 1 1 1
2016 04 11 00 00 30 30 30 30 1 1 1 1
2016 04 11 12 14 20 20 20 20 1 1 1 1
2016 04 12 00 13 20 20 20 20 1 1 1 1
2016 04 12 12 21 20 20 20 20 1 1 1 1
2016 04 13 00 17 20 20 20 20 1 1 1 1
2016 04 13 12 07 10 10 10 10 1 1 1 1
2016 04 14 00 22 5 5 5 5 1 1 1 1
2016 04 14 12 13 10 10 10 10 1 1 1 1
2016 04 15 00 22 10 10 10 10 1 1 1 1
2016 04 15 12 54 10 10 10 10 1 1 1 1
2016 04 16 01 19 20 20 20 20 1 1 1 1
2016 04 16 13 07 20 20 20 20 1 1 1 1
2016 04 17 01 05 20 20 20 20 1 1 1 1
2016 04 17 13 08 20 20 20 20 1 1 1 1
2016 04 18 01 10 20 20 20 20 1 1 1 1
2016 04 18 13 11 30 30 20 20 1 1 1 1
2016 04 19 01 08 10 10 5 5 1 1 1 1
2016 04 19 12 37 10 10 5 5 1 1 1 1
2016 04 20 01 09 10 5 5 5 1 1 1 1
2016 04 20 12 14 10 5 5 5 1 1 1 1
2016 04 21 01 09 10 1 1 1 1 1 1 1
2016 04 21 12 00 1 1 1 1 1 1 1 1
2016 04 22 01 17 1 1 1 1 1 1 1 1
2016 04 22 12 50 1 1 1 1 1 1 1 1
2016 04 23 01 28 1 5 10 10 1 1 1 1
2016 04 23 13 08 1 5 10 10 1 1 1 1
2016 04 24 01 27 5 5 5 5 1 1 1 1
2016 04 24 13 00 10 10 10 10 1 1 1 1
2016 04 25 01 29 1 1 1 1 1 1 1 1
2016 04 25 13 01 1 1 1 1 1 1 1 1
2016 04 26 01 33 1 1 1 1 1 1 1 1
2016 04 26 13 10 1 1 1 1 1 1 1 1
2016 04 27 01 28 1 1 1 1 1 1 1 1
2016 04 27 13 03 1 1 1 1 1 1 1 1
2016 04 28 01 25 5 5 5 5 1 1 1 1
2016 04 28 13 06 5 5 5 5 1 1 1 1
2016 04 29 01 19 5 5 5 5 1 1 1 1
2016 04 29 13 15 5 5 5 5 1 1 1 1
2016 04 30 01 05 5 5 5 5 1 1 1 1
2016 04 30 13 09 5 5 5 5 1 1 1 1
2016 05 01 01 06 5 5 5 5 1 1 1 1
2016 05 01 13 05 5 5 5 5 1 1 1 1
2016 05 02 01 19 10 10 10 10 1 1 1 1
2016 05 02 13 24 10 10 10 10 1 1 1 1
2016 05 03 01 26 10 15 15 15 1 1 1 1
2016 05 03 13 26 10 15 15 15 01 01 01 01
2016 05 04 01 26 15 15 15 15 01 01 01 01
2016 05 04 13 09 15 15 15 15 01 01 01 01
2016 05 05 01 10 05 05 05 05 01 01 01 01
2016 05 05 13 13 10 10 10 10 01 01 01 01
2016 05 06 01 14 5 5 5 5 01 01 01 01
2016 05 06 13 15 5 5 5 5 01 01 01 01
2016 05 07 01 28 3 3 5 5 01 01 01 01
2016 05 07 13 19 5 5 5 5 01 01 01 01
2016 05 08 01 14 05 05 05 05 01 01 01 01
2016 05 08 13 18 05 05 05 05 01 01 01 01
2016 05 09 01 19 01 01 01 01 01 01 01 01
2016 05 09 13 10 1 1 1 1 1 1 1 1
2016 05 10 01 05 1 1 1 1 1 1 1 1
2016 05 10 13 10 1 1 1 1 1 1 1 1
2016 05 11 01 13 1 1 1 1 1 1 1 1
2016 05 11 12 43 01 01 01 01 01 01 01 01
2016 05 12 01 33 01 01 01 01 01 01 01 01
2016 05 12 13 10 01 01 01 01 01 01 01 01
2016 05 13 01 28 05 05 05 05 01 01 01 01
2016 05 13 13 13 05 05 05 05 01 01 01 01
2016 05 14 01 20 5 5 5 5 1 1 1 1
2016 05 14 13 25 15 15 15 15 1 1 1 1
2016 05 15 01 14 15 15 15 15 1 1 1 1
2016 05 15 13 18 15 15 10 10 01 01 01 01
2016 05 16 01 31 15 15 10 10 01 01 01 01
2016 05 16 13 06 20 20 15 15 1 1 1 1
2016 05 17 01 28 15 15 15 15 1 1 1 1
2016 05 17 13 09 5 5 5 5 1 1 1 1
2016 05 18 01 22 5 5 5 5 1 1 1 1
2016 05 18 13 14 5 5 5 5 1 1 1 1
2016 05 19 01 26 1 1 1 1 1 1 1 1
2016 05 19 13 28 1 1 1 1 1 1 1 1
2016 05 20 01 04 5 3 2 2 1 1 1 1
2016 05 20 13 01 3 3 2 2 1 1 1 1
2016 05 21 01 31 2 2 2 2 1 1 1 1
2016 05 21 12 40 5 5 5 5 1 1 1 1
2016 05 22 01 11 5 5 5 5 1 1 1 1
2016 05 22 13 01 5 5 5 5 1 1 1 1
2016 05 23 01 14 1 1 1 1 1 1 1 1
2016 05 23 13 20 1 1 1 1 1 1 1 1
2016 05 24 01 09 1 1 1 1 1 1 1 1
2016 05 24 13 09 2 2 2 2 1 1 1 1
2016 05 24 13 16 2 2 2 2 1 1 1 1
2016 05 25 01 06 2 2 2 2 1 1 1 1
2016 05 25 13 31 2 2 2 2 1 1 1 1
2016 05 26 01 16 2 2 2 2 1 1 1 1
2016 05 26 13 17 2 2 2 2 1 1 1 1
2016 05 27 01 09 2 2 2 2 1 1 1 1
2016 05 27 13 11 2 2 2 2 1 1 1 1
2016 05 28 01 09 2 2 2 2 1 1 1 1
2016 05 28 12 37 2 2 5 5 1 1 1 1
2016 05 29 01 17 2 5 5 5 1 1 1 1
2016 05 29 13 19 2 5 5 5 1 1 1 1
2016 05 30 01 25 1 1 1 1 1 1 1 1
2016 05 30 13 13 1 1 1 1 1 1 1 1
2016 05 31 01 26 1 1 1 1 1 1 1 1
2016 05 31 13 16 1 1 1 1 1 1 1 1
2016 06 01 01 24 1 1 1 1 1 1 1 1
2016 06 01 13 10 1 1 1 1 1 1 1 1
2016 06 02 01 09 1 1 1 1 1 1 1 1
2016 06 02 13 22 1 1 1 1 1 1 1 1
2016 06 03 01 14 1 1 1 1 1 1 1 1
2016 06 03 13 03 1 1 1 1 1 1 1 1
2016 06 04 01 18 1 1 1 1 1 1 1 1
2016 06 04 13 05 01 01 01 01 01 01 01 01
2016 06 05 01 34 01 01 01 01 01 01 01 01
2016 06 05 13 01 01 01 01 01 01 01 01 01
2016 06 06 01 00 01 01 01 01 01 01 01 01
2016 06 06 13 02 01 01 01 01 01 01 01 01
2016 06 07 01 27 01 01 01 01 01 01 01 01
2016 06 07 13 10 01 01 01 01 01 01 01 01
2016 06 08 01 07 01 01 01 01 01 01 01 01
2016 06 08 13 13 01 01 01 01 01 01 01 01
2016 06 09 01 11 1 1 1 1 1 1 1 1
2016 06 09 13 03 5 5 5 5 1 1 1 1
2016 06 10 01 12 5 5 5 5 1 1 1 1
2016 06 10 13 02 5 5 5 5 1 1 1 1
2016 06 11 01 19 5 5 5 5 1 1 1 1
2016 06 11 13 09 5 5 5 5 1 1 1 1
2016 06 12 01 23 20 20 5 5 1 1 1 1
2016 06 12 13 11 20 20 5 5 1 1 1 1
2016 06 13 01 04 5 5 5 5 1 1 1 1
2016 06 13 13 06 10 10 10 5 1 1 1 1
2016 06 14 01 03 5 5 5 5 1 1 1 1
2016 06 14 13 01 5 5 5 5 1 1 1 1
2016 06 15 01 25 5 5 5 5 1 1 1 1
2016 06 15 11 48 5 5 5 5 1 1 1 1
2016 06 16 01 04 5 5 5 5 1 1 1 1
2016 06 16 12 02 5 5 5 5 1 1 1 1
2016 06 17 01 03 5 5 5 5 1 1 1 1
2016 06 17 13 14 5 5 5 5 1 1 1 1
2016 06 18 01 02 5 5 5 5 1 1 1 1
2016 06 18 13 27 3 3 3 3 1 1 1 1
2016 06 19 01 05 5 5 5 5 1 1 1 1
2016 06 19 13 16 5 5 5 5 1 1 1 1
2016 06 20 01 17 5 5 5 5 1 1 1 1
2016 06 20 13 08 5 5 5 5 1 1 1 1
2016 06 21 01 29 1 1 1 1 1 1 1 1
2016 06 21 13 02 1 1 1 1 1 1 1 1
2016 06 22 01 14 1 1 1 1 1 1 1 1
2016 06 22 13 03 1 1 1 1 1 1 1 1
2016 06 23 01 09 1 1 1 1 1 1 1 1
2016 06 23 13 18 1 1 1 1 1 1 1 1
2016 06 24 01 03 1 1 1 1 1 1 1 1
2016 06 24 01 15 1 1 1 1 1 1 1 1
2016 06 24 13 24 1 1 1 1 1 1 1 1
2016 06 25 01 11 1 1 1 1 1 1 1 1
2016 06 25 13 26 1 1 5 20 1 1 1 1
2016 06 26 01 03 1 1 5 5 1 1 1 1
2016 06 26 13 13 1 1 5 5 1 1 1 1
2016 06 27 01 01 1 1 1 1 1 1 1 1
2016 06 27 13 07 1 1 1 1 1 1 1 1
2016 06 28 01 16 1 1 1 1 1 1 1 1
2016 06 28 13 02 1 1 1 1 1 1 1 1
2016 06 29 01 23 1 1 1 1 1 1 1 1
2016 06 29 12 07 1 1 1 1 1 1 1 1
2016 06 30 01 17 1 1 1 1 1 1 1 1
2016 06 30 13 02 1 1 1 1 1 1 1 1
2016 07 01 01 02 1 1 1 1 1 1 1 1
2016 07 01 12 53 01 01 01 01 01 01 01 01
2016 07 02 01 07 01 01 01 01 01 01 01 01
2016 07 02 12 40 1 1 1 1 1 1 1 1
2016 07 03 01 29 1 1 1 1 1 1 1 1
2016 07 03 13 19 1 1 1 1 1 1 1 1
2016 07 04 01 16 1 1 1 1 1 1 1 1
2016 07 04 13 09 1 1 1 1 1 1 1 1
2016 07 05 01 04 1 1 1 1 1 1 1 1
2016 07 05 13 07 1 1 1 1 1 1 1 1
2016 07 06 01 22 1 1 1 1 1 1 1 1
2016 07 06 13 03 1 1 1 1 1 1 1 1
2016 07 07 01 17 1 1 1 1 1 1 1 1
2016 07 07 13 03 5 5 1 1 1 1 1 1
2016 07 08 01 13 5 5 5 5 1 1 1 1
2016 07 08 13 21 5 5 5 5 1 1 1 1
2016 07 09 01 06 5 5 5 5 1 1 1 1
2016 07 09 12 55 5 5 5 5 1 1 1 1
2016 07 10 01 15 5 5 5 5 1 1 1 1
2016 07 10 13 13 15 15 15 15 1 1 1 1
2016 07 11 01 16 10 10 5 5 1 1 1 1
2016 07 11 12 14 10 10 10 10 1 1 1 1
2016 07 12 01 23 10 10 10 10 1 1 1 1
2016 07 12 12 58 10 10 10 10 1 1 1 1
2016 07 13 01 02 10 10 10 10 1 1 1 1
2016 07 13 13 08 5 5 5 5 1 1 1 1
2016 07 14 01 11 5 5 5 5 1 1 1 1
2016 07 14 13 28 5 5 5 5 1 1 1 1
2016 07 15 01 12 5 5 5 5 1 1 1 1
2016 07 15 13 34 10 10 10 10 1 1 1 1
