2014 01 01 1840 1852 1903 M9.9 1936
2014 01 02 0224 0233 0256 M1.7 1944
2014 01 02 2212 2218 2222 M1.2 1944
2014 01 03 1241 1250 1254 M1.0 1944
2014 01 03 2109 2114 2119 M1.1 1944
2014 01 04 1016 1025 1041 M1.3 1944
2014 01 04 1847 1946 2023 M4.0 NaN
2014 01 04 2212 2252 2322 M1.9 1936
2014 01 07 0349 0353 0356 M1.0 1946
2014 01 07 1007 1013 1037 M7.2 1944
2014 01 07 1804 1832 1858 X1.2 1944
2014 01 08 0339 0347 0354 M3.6 1947
2014 01 13 2148 2151 2153 M1.3 1944
2014 01 27 0105 0122 0139 M1.0 1967
2014 01 27 0202 0211 0218 M1.1 1967
2014 01 27 2205 2210 2215 M4.9 1967
2014 01 28 0402 0409 0413 M1.5 1967
2014 01 28 0725 0731 0734 M3.6 1967
2014 01 28 1134 1138 1141 M1.4 1967
2014 01 28 1233 1246 1250 M1.3 1967
2014 01 28 1900 1940 1946 M4.9 1967
2014 01 28 2204 2216 2220 M2.6 1967
2014 01 30 0633 0639 0644 M2.1 1967
2014 01 30 0754 0811 0841 M1.1 1967
2014 01 30 1548 1611 1628 M6.6 1967
2014 01 31 1532 1542 1553 M1.1 1968
2014 02 01 0119 0125 0138 M1.0 1967
2014 02 01 0714 0723 0736 M3.0 1967
2014 02 02 0624 0634 0637 M2.6 1968
2014 02 02 0717 0820 0829 M2.2 1967
2014 02 02 0924 0931 0936 M4.4 1967
2014 02 02 1401 1406 1409 M1.3 1967
2014 02 02 1624 1629 1636 M1.0 1968
2014 02 02 1805 1811 1818 M3.1 1967
2014 02 02 2124 2204 2214 M1.3 1967
2014 02 04 0116 0123 0131 M3.8 1968
2014 02 04 0357 0400 0406 M5.2 1967
2014 02 04 0938 0949 0958 M1.4 1967
2014 02 04 1525 1602 1649 M1.5 1967
2014 02 05 1611 1620 1642 M1.3 1967
2014 02 06 2256 2305 2310 M1.5 1967
2014 02 07 0447 0456 0504 M2.0 1967
2014 02 07 1025 1029 1031 M1.9 1968
2014 02 09 1540 1617 1652 M1.0 NaN
2014 02 11 0322 0331 0339 M1.7 1974
2014 02 11 1634 1651 1710 M1.8 1974
2014 02 12 0352 0425 0438 M3.7 1974
2014 02 12 0654 0658 0704 M2.3 1974
2014 02 12 1541 1551 1615 M2.1 1974
2014 02 13 0132 0140 0150 M1.8 1974
2014 02 13 0241 0251 0304 M1.0 1974
2014 02 13 0549 0607 0613 M1.7 1974
2014 02 13 0805 0812 0819 M1.0 1974
2014 02 13 1545 1557 1606 M1.4 1974
2014 02 14 0240 0257 0310 M2.3 1974
2014 02 14 1229 1240 1245 M1.6 1974
2014 02 14 1321 1328 1339 M1.1 1974
2014 02 14 1633 1639 1642 M1.0 1974
2014 02 16 0920 0926 0929 M1.1 1977
2014 02 20 0726 0756 0825 M3.0 1976
2014 02 23 0550 0610 0636 M1.1 NaN
2014 02 24 1103 1117 1142 M1.2 1990
2014 02 24 1200 1205 1210 M1.3 1990
2014 02 25 0039 0049 0103 X4.9 1990
2014 02 26 1452 1501 1510 M1.1 1982
2014 02 28 0044 0048 0050 M1.1 1991
2014 03 01 1318 1333 1340 M1.1 1982
2014 03 02 2311 2319 2326 M1.1 1986
2014 03 03 1554 1558 1601 M1.2 1989
2014 03 05 0206 0210 0212 M1.0 1991
2014 03 08 2326 2341 2350 M1.4 2002
2014 03 09 1352 1358 1405 M1.0 2002
2014 03 09 2013 2028 2035 M1.0 2002
2014 03 10 0019 0026 0033 M1.1 2002
2014 03 10 0402 0408 0413 M1.0 2002
2014 03 10 1521 1528 1532 M1.7 2002
2014 03 10 2245 2300 2312 M1.4 1996
2014 03 11 0344 0350 0356 M3.5 1996
2014 03 11 1158 1207 1214 M1.7 1991
2014 03 12 1055 1105 1111 M2.5 1996
2014 03 12 2228 2234 2239 M9.3 1996
2014 03 13 1903 1919 1930 M1.2 1996
2014 03 20 0342 0356 0408 M1.7 2010
2014 03 22 0658 0702 0705 M1.1 2011
2014 03 28 1904 1918 1927 M2.0 2017
2014 03 28 2344 2351 2358 M2.6 2017
2014 03 29 1735 1748 1754 X1.0 2017
2014 03 30 1148 1155 1202 M2.1 2017
2014 03 31 0720 0807 0818 M1.4 2014
2014 04 02 1318 1405 1428 M6.5 2027
2014 04 16 1954 1959 2004 M1.0 2035
2014 04 18 1231 1303 1320 M7.3 2036
2014 04 25 0017 0027 0038 X1.3 2035
2014 05 06 0841 0903 0921 M1.8 2051
2014 05 06 2201 2209 2220 M1.0 2051
2014 05 07 1607 1629 1703 M1.2 2051
2014 05 08 0959 1007 1018 M5.2 2056
2014 05 24 1826 1835 1844 M1.3 2065
2014 06 03 0358 0409 0417 M1.3 2077
2014 06 06 1926 1931 1933 M1.4 2080
2014 06 10 1136 1142 1144 X2.2 2087
2014 06 10 1236 1252 1303 X1.5 2087
2014 06 11 0530 0534 0536 M1.8 2080
2014 06 11 0800 0809 0815 M3.0 2087
2014 06 11 0859 0906 0910 X1.0 2087
2014 06 11 2053 2103 2110 M3.9 2087
2014 06 12 0414 0421 0426 M2.0 2087
2014 06 12 0923 0937 0942 M1.8 2085
2014 06 12 1014 1021 1027 M2.7 2087
2014 06 12 1803 1813 1823 M1.3 2087
2014 06 12 1956 2003 2005 M1.1 2089
2014 06 12 2101 2113 2119 M1.0 2087
2014 06 12 2134 2216 2252 M3.1 2085
2014 06 13 0749 0756 0759 M2.6 2087
2014 06 14 1923 1929 1934 M1.4 NaN
2014 06 15 1110 1139 1150 M1.1 2085
2014 06 15 2350 0001 0017 M1.0 2087
2014 07 01 1105 1123 1159 M1.4 2106
2014 07 08 1606 1620 1630 M6.5 2113
2014 07 09 0020 0026 0033 M1.2 2113
2014 07 10 2229 2234 2237 M1.5 2106
2014 07 31 1101 1114 1121 M2.5 2130
2014 08 01 1443 1448 1457 M2.0 2130
2014 08 01 1755 1813 1848 M1.5 2127
2014 08 21 1319 1331 1342 M3.4 2149
2014 08 22 0618 0628 0634 M1.2 2149
2014 08 24 1200 1217 1225 M5.9 2151
2014 08 25 1446 1511 1531 M2.0 2146
2014 08 25 2006 2021 2029 M3.9 2146
2014 09 03 1320 1354 1423 M2.5 2155
2014 09 06 1650 1709 1722 M1.1 2157
2014 09 08 2312 0029 0131 M4.5 2158
2014 09 10 1721 1745 1820 X1.6 2158
2014 09 11 1520 1526 1531 M2.1 2166
2014 09 11 2101 2126 2130 M1.4 2166
2014 09 14 0203 0216 0236 M1.5 2157
2014 09 18 0837 0841 0853 M1.2 2169
2014 09 23 2303 2316 2328 M2.3 2172
2014 09 27 0832 0837 0840 M1.0 2178
2014 09 28 0239 0258 0319 M5.1 2173
2014 09 28 1634 1733 1800 M1.0 2173
2014 10 02 1710 1744 1815 M1.5 2172
2014 10 02 1849 1901 1914 M7.3 2173
2014 10 09 0130 0143 0147 M1.3 2182
2014 10 09 0154 0158 0202 M1.4 2182
2014 10 09 0648 0659 0706 M1.2 2182
2014 10 14 1821 1837 1846 M1.1 NaN
2014 10 14 1907 2121 0019 M2.2 NaN
2014 10 16 1258 1303 1305 M4.3 2192
2014 10 18 0702 0758 0849 M1.6 2192
2014 10 19 0417 0503 0548 X1.1 2192
2014 10 20 0900 0911 0920 M3.9 2192
2014 10 20 1600 1637 1655 M4.5 2192
2014 10 20 1855 1902 1904 M1.4 2192
2014 10 20 1953 2004 2013 M1.7 2192
2014 10 20 2243 2255 2313 M1.2 2192
2014 10 21 1335 1338 1340 M1.2 NaN
2014 10 22 0116 0159 0228 M8.7 2192
2014 10 22 0511 0517 0521 M2.7 2192
2014 10 22 1402 1428 1450 X1.6 2192
2014 10 22 1551 1557 1603 M1.4 NaN
2014 10 23 0944 0950 0956 M1.1 2192
2014 10 24 0737 0748 0753 M4.0 2192
2014 10 24 2107 2141 2213 X3.1 2192
2014 10 25 1655 1708 1811 X1.0 2192
2014 10 26 1004 1056 1118 X2.0 2192
2014 10 26 1708 1717 1730 M1.0 2192
2014 10 26 1807 1815 1820 M4.2 2192
2014 10 26 1843 1849 1856 M1.9 2192
2014 10 26 1959 2021 2045 M2.4 2192
2014 10 27 0006 0034 0044 M7.1 2192
2014 10 27 0144 0202 0211 M1.0 2192
2014 10 27 0335 0341 0348 M1.3 2192
2014 10 27 0959 1009 1026 M6.7 2192
2014 10 27 1412 1447 1509 X2.0 2192
2014 10 27 1733 1740 1747 M1.4 2192
2014 10 28 0215 0242 0308 M3.4 2192
2014 10 28 0323 0332 0341 M6.6 2192
2014 10 28 1354 1406 1423 M1.6 2192
2014 10 29 0603 0820 0852 M1.0 2192
2014 10 29 0954 1001 1006 M1.2 2192
2014 10 29 1424 1433 1451 M1.4 2192
2014 10 29 1606 1620 1633 M1.0 2192
2014 10 29 1847 1850 1852 M1.3 2192
2014 10 29 2118 2122 2125 M2.3 2192
2014 10 30 0034 0037 0040 M1.3 2192
2014 10 30 0119 0135 0156 M3.5 2192
2014 10 30 0417 0428 0436 M1.2 2192
2014 11 03 1123 1153 1217 M2.2 2205
2014 11 03 2215 2240 2253 M6.5 2205
2014 11 04 0759 0838 0851 M2.6 2205
2014 11 04 0852 0904 0913 M2.3 2205
2014 11 05 0926 0947 0955 M7.9 2205
2014 11 05 1850 1944 2015 M2.9 2205
2014 11 06 0129 0139 0154 M3.2 2205
2014 11 06 0332 0346 0402 M5.4 2205
2014 11 06 2153 2216 2234 M2.5 2205
2014 11 07 0205 0249 0332 M2.7 2205
2014 11 07 0412 0425 0438 M2.0 2205
2014 11 07 1013 1022 1030 M1.0 2205
2014 11 07 1653 1726 1734 X1.6 2205
2014 11 09 1524 1532 1538 M2.3 2205
2014 11 15 1140 1203 1210 M3.2 2209
2014 11 15 2038 2046 2050 M3.7 2209
2014 11 16 1735 1748 1757 M5.7 2209
2014 12 01 0626 0641 0659 M1.8 2222
2014 12 04 0800 0810 0821 M1.3 2222
2014 12 04 1805 1825 1856 M6.1 2222
2014 12 04 1938 1941 1944 M1.3 2222
2014 12 05 1133 1225 1247 M1.5 2222
2014 12 13 0513 0520 0525 M1.5 2241
2014 12 14 1925 1933 1939 M1.6 2242
2014 12 17 0057 0110 0120 M1.5 2242
2014 12 17 0141 0150 0157 M1.1 2241
2014 12 17 0425 0451 0520 M8.7 2242
2014 12 17 1854 1901 1920 M1.4 2241
2014 12 18 2141 2158 2225 M6.9 2241
2014 12 19 0931 0944 0954 M1.3 2242
2014 12 20 0011 0028 0055 X1.8 2242
2014 12 21 0718 0732 0751 M1.2 2242
2014 12 21 1124 1217 1257 M1.0 2241
2014 12 22 0133 0149 0159 M1.0 2242
2014 12 27 0203 0216 0224 M2.2 2249
2015 01 03 0940 0947 0950 M1.1 2253
2015 01 04 1518 1536 1553 M1.3 2253
2015 01 13 0413 0424 0438 M5.6 2257
2015 01 13 0446 0458 0510 M4.9 2257
2015 01 14 1230 1258 1308 M2.2 2257
2015 01 22 0443 0452 0502 M1.4 2268
2015 01 26 1646 1653 1658 M1.1 2268
2015 01 28 0421 0441 0455 M1.4 2268
2015 01 28 2132 2137 2140 M1.0 2277
2015 01 29 1132 1142 1152 M2.1 2268
2015 01 30 0032 0044 0102 M2.0 2268
2015 01 30 0529 0536 0635 M1.7 2268
2015 01 30 1210 1216 1221 M2.4 2277
2015 02 04 0208 0215 0221 M1.2 2277
2015 02 09 2259 2335 0014 M2.4 2282
2015 03 02 0631 0639 0644 M1.0 2290
2015 03 02 0937 0948 0958 M1.1 2290
2015 03 02 1510 1528 1537 M3.7 2290
2015 03 02 1921 1931 1936 M4.1 2290
2015 03 03 0125 0135 0142 M8.2 2290
2015 03 05 1706 1811 1826 M1.2 2297
2015 03 06 0414 0457 0527 M3.0 2297
2015 03 06 0655 0815 0828 M1.5 2297
2015 03 07 2145 2222 2258 M9.2 2297
2015 03 09 1422 1433 1437 M4.5 2297
2015 03 09 2329 2353 0012 M5.8 2297
2015 03 10 0319 0324 0328 M5.1 2297
2015 03 10 2346 0002 0006 M2.9 2297
2015 03 11 0710 0718 0743 M1.8 2297
2015 03 11 0751 0757 0803 M2.6 2297
2015 03 11 1611 1622 1629 X2.1 2297
2015 03 11 1837 1851 1857 M1.0 2297
2015 03 12 0441 0446 0450 M3.2 2297
2015 03 12 1138 1150 1202 M1.6 2297
2015 03 12 1209 1214 1218 M1.4 2297
2015 03 12 1350 1408 1413 M4.2 2297
2015 03 12 2144 2151 2156 M2.7 2297
2015 03 13 0347 0401 0416 M1.2 2297
2015 03 13 0549 0607 0612 M1.8 2297
2015 03 14 0423 0440 0454 M1.3 2297
2015 03 15 0936 0940 0946 M1.0 2297
2015 03 15 2242 2322 2338 M1.2 2297
2015 03 16 1039 1058 1117 M1.6 2297
2015 03 17 2249 2334 2348 M1.0 2297
2015 04 08 1437 1443 1447 M1.4 2320
2015 04 12 0851 0950 1044 M1.1 2321
2015 04 21 0708 0721 0727 M1.0 2322
2015 04 21 1017 1040 1059 M2.2 NaN
2015 04 21 1149 1157 1202 M2.2 2322
2015 04 21 1524 1545 1551 M4.0 2322
2015 04 21 1655 1700 1709 M2.1 2322
2015 04 21 2139 2145 2155 M1.8 2322
2015 04 21 2158 2201 2204 M1.2 2325
2015 04 22 0830 0844 0858 M1.1 2322
2015 04 23 0918 1007 1110 M1.1 2322
2015 05 05 0942 0947 0951 M1.9 2339
2015 05 05 1345 1353 1356 M1.2 2339
2015 05 05 1419 1425 1432 M1.3 2335
2015 05 05 1712 1724 1730 M2.6 2335
2015 05 05 2205 2211 2215 X2.7 2339
2015 05 06 1145 1149 1151 M1.9 2339
2015 06 11 0849 0855 0859 M1.0 2367
2015 06 13 0720 0729 0747 M1.3 2360
2015 06 14 0052 0059 0109 M2.0 2360
2015 06 18 0033 0127 0155 M1.2 2365
2015 06 18 1630 1736 1825 M3.0 2371
2015 06 20 0628 0648 0709 M1.0 2371
2015 06 21 0102 0142 0200 M2.0 2371
2015 06 21 0206 0236 0302 M2.6 NaN
2015 06 21 0938 0944 0950 M3.8 2367
2015 06 21 1810 1820 1828 M1.1 2367
2015 06 22 1739 1823 1851 M6.5 2371
2015 06 25 0802 0816 0905 M7.9 2371
2015 07 03 1247 1251 1253 M1.5 2378
2015 07 06 0824 0844 0859 M1.0 2381
2015 07 06 2032 2040 2050 M1.7 2381
2015 08 21 0156 0218 0237 M1.2 2403
2015 08 21 0934 0948 1007 M1.4 2403
2015 08 21 1910 2034 2050 M1.1 2403
2015 08 22 0639 0649 0659 M1.2 2403
2015 08 22 2119 2124 2128 M3.5 2403
2015 08 24 0726 0733 0735 M5.6 2403
2015 08 24 1740 1746 1749 M1.0 2403
2015 08 27 0448 0544 0603 M2.9 2403
2015 08 28 1304 1316 1323 M2.2 2403
2015 08 28 1856 1903 1906 M2.1 2403
2015 08 30 0201 0330 0423 M1.4 2403
2015 09 17 0934 0940 0945 M1.1 2415
2015 09 20 0455 0503 0517 M1.5 2420
2015 09 20 1732 1803 1829 M2.1 2415
2015 09 27 1020 1040 1046 M1.9 2422
2015 09 27 2054 2100 2115 M1.0 2422
2015 09 28 0345 0355 0359 M3.6 2423
2015 09 28 0727 0735 0746 M1.1 2422
2015 09 28 1301 1318 1329 M1.1 2422
2015 09 28 1453 1458 1503 M7.6 2422
2015 09 29 0311 0316 0331 M1.2 2423
2015 09 29 0341 0343 0353 M1.1 2422
2015 09 29 0505 0516 0523 M2.9 2422
2015 09 29 0533 0537 0539 M1.2 2423
2015 09 29 0553 0556 0604 M1.0 2422
2015 09 29 0639 0643 0646 M1.4 2422
2015 09 29 0846 0851 0855 M1.3 2423
2015 09 29 1109 1115 1120 M1.6 2422
2015 09 29 1920 1924 1927 M1.1 2422
2015 09 30 1049 1059 1113 M1.3 2422
2015 09 30 1318 1320 1321 M1.1 2422
2015 10 01 1303 1310 1314 M4.5 2422
2015 10 02 0006 0013 0017 M5.5 2422
2015 10 02 1219 1226 1231 M1.0 2422
2015 10 02 1708 1718 1723 M1.0 2422
2015 10 04 0234 0241 0248 M1.0 2422
2015 10 15 2327 2331 2337 M1.1 2434
2015 10 16 0611 0616 0620 M1.1 2434
2015 10 17 2009 2023 2028 M1.1 2437
2015 10 17 2035 2042 2046 M1.5 2437
2015 10 31 1748 1752 1755 M1.0 2443
2015 11 04 0320 0326 0329 M1.9 2445
2015 11 04 1155 1203 1206 M2.5 2445
2015 11 04 1331 1352 1413 M3.7 2443
2015 11 09 1249 1312 1328 M3.9 2449
2015 12 21 0052 0103 0111 M2.8 2472
2015 12 21 1009 1019 1032 M1.1 2472
2015 12 22 0315 0334 0348 M1.6 2473
2015 12 23 0023 0040 0052 M4.7 2473
2015 12 24 0149 0212 0222 M1.1 2473
2015 12 28 1120 1245 1409 M1.8 2473
2016 01 01 2310 0011 0101 M2.3 2473
2016 02 12 1036 1047 1053 M1.0 2497
2016 02 13 1516 1524 1526 M1.8 2497
2016 02 14 1918 1926 1929 M1.0 2497
2016 02 15 1041 1100 1106 M1.1 2497
2016 04 18 0014 0029 0039 M6.7 2529