2015 07 10 1500 30 5 9
2015 07 10 2100 35 2 9
2015 07 11 0300 35 2 9
2015 07 11 0900 30 1 5
2015 07 11 1500 30 1 5
2015 07 11 2100 20 1 8
2015 07 12 0300 20 1 8
2015 07 12 0900 20 1 14
2015 07 12 1500 20 1 14
2015 07 12 2100 20 1 5
2015 07 13 0300 20 1 5
2015 07 13 0900 20 1 6
2015 07 13 1500 20 1 6
2015 07 13 2100 10 1 13
2015 07 14 0300 10 1 13
2015 07 14 0900 10 1 9
2015 07 14 1500 10 1 9
2015 07 14 2100 10 1 1
2015 07 15 0300 5 1 1
2015 07 15 0900 5 1 10
2015 07 15 2100 5 1 6
2015 07 16 0300 3 1 6
2015 07 16 0900 3 1 4
2015 07 16 1500 3 1 4
2015 07 16 2100 5 1 9
2015 07 17 0300 5 1 9
2015 07 17 0900 5 1 9
2015 07 17 1500 5 1 4
2015 07 17 2100 5 1 2
2015 07 18 0300 5 1 2
2015 07 18 0900 5 1 8
2015 07 18 1500 5 1 8
2015 07 18 2100 5 1 4
2015 07 19 0300 5 1 4
2015 07 19 0900 5 1 8
2015 07 19 1500 5 1 8
2015 07 19 2100 5 1 13
2015 07 20 0300 5 1 13
2015 07 20 0900 5 1 11
2015 07 20 1500 5 1 11
2015 07 20 2100 10 1 11
2015 07 21 0300 10 1 11
2015 07 21 0900 5 1 11
2015 07 21 1500 5 1 11
2015 07 21 2100 5 1 8
2015 07 22 0300 5 1 8
2015 07 22 0900 5 1 5
2015 07 22 1500 5 1 5
2015 07 23 0300 5 1 NaN
2015 07 23 0900 5 1 5
2015 07 23 1500 5 1 5
2015 07 23 2100 5 1 11
2015 07 24 0300 5 1 11
2015 07 24 0900 5 1 2
2015 07 24 1500 5 1 2
2015 07 24 2100 5 1 2
2015 07 25 0300 5 1 2
2015 07 25 0900 5 1 2
2015 07 25 1500 5 1 2
2015 07 25 2100 5 1 9
2015 07 26 0300 5 1 9
2015 07 26 0900 15 1 9
2015 07 26 1500 5 1 9
2015 07 26 2100 10 1 8
2015 07 27 0300 10 1 8
2015 07 27 0900 10 1 11
2015 07 27 1500 10 1 11
2015 07 27 2100 15 1 11
2015 07 27 2100 15 1 11
2015 07 28 0300 15 1 11
2015 07 28 0900 10 1 0
2015 07 28 1500 10 1 0
2015 07 28 2100 15 1 0
2015 07 28 2100 10 1 0
2015 07 29 0300 10 1 0
2015 07 29 0900 10 1 0
2015 07 29 1500 10 1 14
2015 07 29 2100 10 1 11
2015 07 30 0300 10 1 11
2015 07 30 0900 10 1 0
2015 07 30 1500 10 1 0
2015 07 30 2100 10 1 11
2015 07 31 0300 10 1 11
2015 07 31 0900 10 1 9
2015 07 31 1500 5 1 9
2015 07 31 2100 5 1 0
2015 08 01 0300 5 1 0
2015 08 01 0900 5 1 9
2015 08 01 1500 5 1 9
2015 08 01 2100 5 1 8
2015 08 02 0300 5 1 8
2015 08 02 0900 5 1 8
2015 08 02 1500 5 1 9
2015 08 02 2100 5 1 9
2015 08 03 0300 5 1 13
2015 08 03 0900 1 1 4
2015 08 03 1500 1 1 4
2015 08 03 2100 5 1 9
2015 08 04 0300 5 1 9
2015 08 04 0900 5 1 4
2015 08 04 1500 5 1 4
2015 08 04 2100 5 1 9
2015 08 05 0300 5 1 9
2015 08 05 0900 5 1 9
2015 08 05 1500 10 1 2
2015 08 05 2100 20 1 1
2015 08 06 0300 20 1 1
2015 08 06 0900 20 1 8
2015 08 06 1500 20 1 8
2015 08 06 2100 20 5 5
2015 08 07 0300 20 5 5
2015 08 07 0900 20 1 12
2015 08 07 1500 20 1 12
2015 08 07 2100 20 1 12
2015 08 08 0300 35 5 12
2015 08 08 0900 35 5 6
2015 08 08 1500 35 5 6
2015 08 08 2100 35 5 6
2015 08 09 0300 30 5 2
2015 08 09 0900 30 5 1
2015 08 09 1500 30 5 1
2015 08 09 2100 30 5 9
2015 08 10 0300 30 5 9
2015 08 10 0900 30 5 5
2015 08 10 1500 20 5 5
2015 08 10 2100 20 5 9
2015 08 11 0300 20 5 9
2015 08 11 0900 30 1 9
2015 08 11 1500 30 1 9
2015 08 11 2100 20 1 11
2015 08 12 0300 20 1 11
2015 08 12 0900 20 1 12
2015 08 12 1500 20 1 12
2015 08 12 2100 20 1 12
2015 08 13 0300 20 1 4
2015 08 13 0900 20 1 12
2015 08 13 1500 20 1 12
2015 08 13 2100 20 1 12
2015 08 13 2100 20 1 12
2015 08 14 0300 20 1 12
2015 08 14 0900 10 1 2
2015 08 14 1500 10 1 2
2015 08 14 2100 10 1 5
2015 08 15 0300 10 1 5
2015 08 15 0900 10 1 11
2015 08 15 1500 10 1 11
2015 08 15 2100 5 1 2
2015 08 16 0300 5 1 2
2015 08 16 0900 1 1 1
2015 08 16 1500 1 1 1
2015 08 16 2100 1 1 2
2015 08 17 0300 1 1 2
2015 08 17 0900 1 1 0
2015 08 17 1500 1 1 0
2015 08 17 2100 5 1 9
2015 08 18 0300 5 1 9
2015 08 18 0900 5 1 0
2015 08 18 1500 5 1 0
2015 08 18 2100 1 1 0
2015 08 19 0300 1 1 0
2015 08 19 0900 5 1 0
2015 08 19 1500 10 1 0
2015 08 19 2100 10 1 0
2015 08 20 0300 10 1 0
2015 08 20 0900 20 1 0
2015 08 20 1500 20 1 0
2015 08 20 2100 25 1 0
2015 08 21 0300 50 5 7
2015 08 21 0900 50 5 7
2015 08 21 1500 50 5 3
2015 08 21 2100 50 5 14
2015 08 22 0300 60 10 14
2015 08 22 0900 60 10 9
2015 08 22 1500 60 10 9
2015 08 22 2100 60 10 9
2015 08 23 0300 60 10 10
2015 08 23 0900 60 10 8
2015 08 23 1500 60 10 8
2015 08 23 2100 60 10 9
2015 08 24 0300 60 10 9
2015 08 24 0900 60 10 0
2015 08 24 1500 70 20 0
2015 08 24 2100 70 20 9
2015 08 25 0300 70 10 9
2015 08 25 0900 70 10 9
2015 08 25 1500 70 10 9
2015 08 25 2100 60 10 6
2015 08 25 2100 60 10 6
2015 08 26 0300 60 10 6
2015 08 26 0900 60 10 11
2015 08 26 1500 60 10 11
2015 08 26 2100 60 10 11
2015 08 27 0300 60 10 11
2015 08 27 0900 60 10 11
2015 08 27 1500 60 10 11
2015 08 27 2100 60 10 11
2015 08 28 0300 60 10 7
2015 08 28 0900 60 10 14
2015 08 28 1500 55 10 14
2015 08 28 2100 70 10 0
2015 08 29 0300 60 10 0
2015 08 29 0900 55 2 0
2015 08 29 1500 55 2 0
2015 08 29 2100 45 5 11
2015 08 30 0300 45 5 11
2015 08 30 0900 30 1 11
2015 08 30 1500 25 1 11
2015 08 30 2100 25 1 14
2015 08 31 0300 20 1 14
2015 08 31 0900 20 1 6
2015 08 31 1500 15 1 6
2015 08 31 2100 5 1 13
2015 09 01 0300 5 1 13
2015 09 01 0900 5 1 6
2015 09 01 1500 5 1 6
2015 09 01 2100 5 1 6
2015 09 02 0300 2 1 12
2015 09 02 0900 2 1 0
2015 09 02 1500 1 1 0
2015 09 02 2100 1 1 6
2015 09 03 0300 1 1 6
2015 09 03 0900 1 1 0
2015 09 03 1500 1 1 0
2015 09 03 2100 8 1 10
2015 09 04 0300 8 1 10
2015 09 04 0900 5 1 0
2015 09 04 1500 5 1 0
2015 09 04 2100 5 1 10
2015 09 05 0300 5 1 10
2015 09 05 0900 5 1 14
2015 09 05 1500 5 1 14
2015 09 05 2100 5 1 14
2015 09 06 0300 5 1 14
2015 09 06 0900 5 1 14
2015 09 06 1500 5 1 14
2015 09 06 2100 5 1 13
2015 09 07 0300 5 1 13
2015 09 07 0900 5 1 14
2015 09 07 1500 5 1 14
2015 09 07 2100 5 1 12
2015 09 08 0300 5 1 12
2015 09 08 0900 5 1 12
2015 09 08 1500 5 1 12
2015 09 08 2100 5 1 8
2015 09 09 0300 5 1 8
2015 09 09 0900 5 1 10
2015 09 09 1500 5 1 10
2015 09 09 2100 5 1 8
2015 09 10 0300 5 1 8
2015 09 10 0900 5 1 2
2015 09 10 1500 5 1 2
2015 09 10 2100 5 1 6
2015 09 11 0300 5 1 6
2015 09 11 1500 5 1 14
2015 09 11 2100 10 1 14
2015 09 12 0300 15 1 4
2015 09 12 0900 20 5 5
2015 09 12 1500 20 5 5
2015 09 12 2100 20 5 9
2015 09 13 0300 10 1 9
2015 09 13 0900 10 1 NaN
2015 09 13 1500 10 1 11
2015 09 13 2100 10 1 5
2015 09 14 0300 10 1 5
2015 09 14 0900 10 1 8
2015 09 14 1500 10 1 8
2015 09 14 2100 10 1 5
2015 09 15 0300 20 1 5
2015 09 15 0900 15 1 8
2015 09 15 1500 15 1 8
2015 09 15 2100 15 1 11
2015 09 16 0300 20 1 11
2015 09 16 0900 15 1 11
2015 09 16 1500 15 1 11
2015 09 16 2100 20 1 8
2015 09 17 0300 20 1 8
2015 09 17 0900 30 1 8
2015 09 17 1500 35 1 8
2015 09 17 2100 30 1 10
2015 09 18 0300 25 1 10
2015 09 18 0900 25 1 5
2015 09 18 1500 25 1 5
2015 09 18 2100 25 1 4
2015 09 19 0300 25 1 4
2015 09 19 0900 25 1 2
2015 09 19 1500 20 1 2
2015 09 19 2100 20 1 0
2015 09 20 0300 20 5 0
2015 09 20 0900 40 5 11
2015 09 20 1500 40 5 NaN
2015 09 20 2100 40 5 0
2015 09 21 0300 50 5 0
2015 09 21 0900 40 5 1
2015 09 21 1500 40 5 1
2015 09 21 2100 40 5 2
2015 09 22 0300 40 5 2
2015 09 22 0900 20 1 2
2015 09 22 1500 20 1 2
2015 09 22 2100 20 1 2
2015 09 23 0300 20 1 13
2015 09 23 0900 25 2 13
2015 09 23 1500 25 2 13
2015 09 23 2100 25 2 13
2015 09 24 0300 30 1 13
2015 09 24 0900 30 1 13
2015 09 24 1500 25 1 13
2015 09 24 2100 25 1 14
2015 09 25 0300 20 1 14
2015 09 25 0900 25 1 9
2015 09 25 1500 20 1 9
2015 09 25 2100 20 1 9
2015 09 26 0300 25 1 9
2015 09 26 0900 35 5 11
2015 09 26 1500 35 5 11
2015 09 26 2100 35 5 9
2015 09 27 0300 25 1 9
2015 09 27 0900 40 2 9
2015 09 27 1500 60 10 9
2015 09 27 2100 60 10 13
2015 09 28 0300 70 10 13
2015 09 28 0900 70 10 10
2015 09 28 1500 75 20 10
2015 09 28 2100 70 10 12
2015 09 29 0300 70 10 12
2015 09 29 0900 70 10 12
2015 09 29 1500 70 20 14
2015 09 29 2100 70 20 14
2015 09 30 0300 70 20 14
2015 09 30 0900 70 20 2
2015 09 30 1500 70 20 2
2015 09 30 2100 60 15 2
2015 10 01 0300 60 10 2
2015 10 01 0900 60 15 2
2015 10 01 1500 60 15 2
2015 10 01 2100 70 15 14
2015 10 02 0300 70 15 14
2015 10 02 0900 70 15 14
2015 10 02 1500 70 15 4
2015 10 02 2100 70 15 14
2015 10 03 0300 60 15 14
2015 10 03 0900 60 15 11
2015 10 03 1500 50 10 NaN
2015 10 03 2100 50 10 NaN
2015 10 04 0300 30 10 4
2015 10 04 0900 20 1 5
2015 10 04 1500 20 1 5
2015 10 04 2100 15 1 11
2015 10 05 0300 10 1 11
2015 10 05 0900 10 1 11
2015 10 05 1500 10 1 7
2015 10 05 2100 10 1 0
2015 10 06 0300 5 1 0
2015 10 06 0900 5 1 9
2015 10 06 1500 5 1 9
2015 10 06 2100 5 1 13
2015 10 07 0300 5 1 13
2015 10 07 0900 5 1 13
2015 10 07 1500 5 1 12
2015 10 07 2100 2 1 10
2015 10 08 0300 2 1 10
2015 10 08 0900 2 1 12
2015 10 08 1500 2 1 12
2015 10 08 2100 2 1 12
2015 10 09 0300 2 1 12
2015 10 09 0900 2 1 6
2015 10 09 1500 2 1 6
2015 10 09 2100 2 1 9
2015 10 10 0300 5 1 9
2015 10 10 0900 5 1 11
2015 10 10 1500 2 1 11
2015 10 10 2100 2 1 11
2015 10 11 0300 5 1 4
2015 10 11 0900 5 1 1
2015 10 11 1500 5 1 1
2015 10 11 2100 5 1 7
2015 10 12 0300 10 1 7
2015 10 12 0900 10 1 7
2015 10 12 1500 10 1 7
2015 10 12 2100 5 1 11
2015 10 13 0300 5 1 11
2015 10 13 0900 5 1 12
2015 10 13 1500 5 1 12
2015 10 13 2100 5 1 6
2015 10 14 0300 20 1 6
2015 10 14 0900 20 1 6
2015 10 14 1500 20 1 6
2015 10 14 2100 20 1 12
2015 10 15 0300 25 1 12
2015 10 15 0900 25 1 12
2015 10 15 1500 25 1 12
2015 10 15 2100 25 1 12
2015 10 16 0300 30 1 12
2015 10 16 0900 40 2 12
2015 10 16 1500 40 2 12
2015 10 16 2100 35 1 12
2015 10 17 0300 35 1 12
2015 10 17 0900 40 1 7
2015 10 17 1500 40 1 7
2015 10 17 2100 55 5 11
2015 10 18 0300 55 5 11
2015 10 18 0900 55 5 11
2015 10 18 1500 50 5 4
2015 10 18 2100 50 5 4
2015 10 19 0300 50 5 4
2015 10 19 0900 50 5 0
2015 10 19 1500 50 5 0
2015 10 19 2100 40 5 5
2015 10 20 0300 40 5 5
2015 10 20 0900 40 5 12
2015 10 20 1500 30 1 12
2015 10 20 2100 30 1 6
2015 10 21 0300 30 1 6
2015 10 21 0900 30 1 12
2015 10 21 1500 30 1 12
2015 10 21 2100 30 1 0
2015 10 22 0300 40 5 0
2015 10 22 0900 35 4 0
2015 10 22 1500 35 3 0
2015 10 22 2100 35 5 9
2015 10 23 0300 20 1 9
2015 10 23 0900 20 5 11
2015 10 23 1500 10 2 11
2015 10 23 2100 20 1 11
2015 10 24 0300 20 1 11
2015 10 24 0900 20 1 11
2015 10 24 1500 15 1 14
2015 10 24 2100 15 1 14
2015 10 25 0300 12 1 14
2015 10 25 0900 15 1 14
2015 10 25 1500 15 1 0
2015 10 25 2100 15 1 2
2015 10 26 0300 15 1 2
2015 10 26 0900 15 1 6
2015 10 26 1500 15 1 6
2015 10 26 2100 15 1 2
2015 10 27 0300 15 1 2
2015 10 27 0900 15 1 9
2015 10 27 1500 10 1 9
2015 10 27 2100 10 1 5
2015 10 28 0300 10 1 5
2015 10 28 0900 10 1 9
2015 10 28 1500 10 1 9
2015 10 28 2100 10 1 6
2015 10 29 0300 10 1 6
2015 10 29 0900 10 1 1
2015 10 29 1500 15 1 1
2015 10 29 2100 15 1 6
2015 10 30 0300 15 1 6
2015 10 30 0900 15 1 12
2015 10 30 1500 15 1 12
2015 10 30 2100 40 10 12
2015 10 31 0900 40 10 2
2015 10 31 1500 40 10 2
2015 10 31 2100 60 10 1
2015 11 01 0300 60 10 1
2015 11 01 0900 60 10 5
2015 11 01 1500 60 10 5
2015 11 01 2100 60 10 12
2015 11 02 0300 60 10 12
2015 11 02 0900 60 15 0
2015 11 02 1500 60 15 0
2015 11 02 2100 60 10 13
2015 11 03 0300 60 10 13
2015 11 03 0900 60 10 9
2015 11 03 1500 60 10 9
2015 11 03 2100 60 10 2
2015 11 04 0300 60 10 2
2015 11 04 0900 60 10 2
2015 11 04 2100 70 10 0
2015 11 05 0300 60 10 0
2015 11 05 0900 60 10 1
2015 11 05 1500 45 05 1
2015 11 05 2100 45 5 9
2015 11 06 0300 30 5 9
2015 11 06 0900 30 5 4
2015 11 06 1500 30 5 4
2015 11 06 2100 30 5 11
2015 11 07 0300 30 5 11
2015 11 07 0900 30 5 14
2015 11 07 1500 30 5 14
2015 11 07 2100 30 5 4
2015 11 08 0300 25 1 4
2015 11 08 0900 25 1 5
2015 11 08 1500 25 1 5
2015 11 08 2100 25 1 13
2015 11 09 0300 15 1 13
2015 11 09 0900 15 1 13
2015 11 09 1500 15 2 13
2015 11 09 2100 15 1 12
2015 11 10 0300 15 1 12
2015 11 10 0900 15 1 1
2015 11 10 1500 15 1 1
2015 11 10 2100 15 2 1
2015 11 11 0300 15 1 1
2015 11 11 0900 15 1 11
2015 11 11 1500 15 1 NaN
2015 11 11 2100 10 1 NaN
2015 11 12 0300 15 1 NaN
2015 11 12 0900 10 1 11
2015 11 12 1500 10 1 11
2015 11 12 2100 10 1 0
2015 11 13 0300 5 1 0
2015 11 13 0900 5 1 4
2015 11 13 1500 10 1 4
2015 11 13 2100 5 1 5
2015 11 14 0300 5 1 5
2015 11 14 0900 5 1 5
2015 11 14 1500 5 1 4
2015 11 14 2100 5 1 6
2015 11 15 0300 5 1 6
2015 11 15 0900 5 1 9
2015 11 15 1500 5 1 9
2015 11 15 2100 5 1 9
2015 11 16 0300 5 1 4
2015 11 16 0900 5 1 4
2015 11 16 1500 5 1 4
2015 11 16 2100 5 1 13
2015 11 17 0300 5 1 13
2015 11 17 0900 7 1 10
2015 11 17 1500 6 1 10
2015 11 17 2100 7 1 10
2015 11 18 0300 5 1 10
2015 11 18 0900 5 1 12
2015 11 18 1500 5 1 12
2015 11 18 2100 5 1 13
2015 11 19 0300 5 1 13
2015 11 19 0900 5 1 7
2015 11 19 1500 5 1 7
2015 11 19 2100 5 1 12
2015 11 20 0300 5 1 12
2015 11 20 0900 5 1 6
2015 11 20 1500 5 1 6
2015 11 20 2100 10 1 5
2015 11 21 0300 10 1 5
2015 11 21 0900 10 1 1
2015 11 21 1500 5 1 1
2015 11 21 2100 5 1 5
2015 11 22 0300 25 1 5
2015 11 22 0900 30 2 10
2015 11 22 1500 30 2 10
2015 11 22 2100 25 1 11
2015 11 23 0300 25 1 11
2015 11 23 0900 25 1 2
2015 11 23 1500 25 1 2
2015 11 23 2100 25 1 4
2015 11 24 0300 25 1 4
2015 11 24 0900 25 1 2
2015 11 24 1500 15 1 2
2015 11 24 2100 15 1 4
2015 11 25 0300 15 1 4
2015 11 25 0900 15 1 5
2015 11 25 1500 15 1 5
2015 11 25 2100 15 1 5
2015 11 26 0300 15 1 5
2015 11 26 0900 15 1 5
2015 11 26 1500 15 1 5
2015 11 26 2100 15 1 5
2015 11 27 0300 15 1 5
2015 11 27 0900 10 1 1
2015 11 27 1500 10 1 1
2015 11 27 2100 10 1 2
2015 11 28 0300 10 1 2
2015 11 28 0900 5 1 1
2015 11 28 1500 5 1 1
2015 11 28 2100 5 1 2
2015 11 29 0300 5 1 2
2015 11 29 0900 5 1 4
2015 11 29 1500 5 1 4
2015 11 29 2100 5 1 13
2015 11 30 0300 5 1 13
2015 11 30 0900 5 1 4
2015 11 30 1500 5 1 4
2015 11 30 2100 10 1 11
2015 12 01 0300 10 1 11
2015 12 01 0900 10 1 0
2015 12 01 1500 10 1 0
2015 12 01 2100 10 1 4
2015 12 02 0300 10 1 4
2015 12 02 0900 10 1 7
2015 12 02 1500 10 1 7
2015 12 02 2100 10 1 12
2015 12 03 0300 5 1 12
2015 12 03 0900 5 1 5
2015 12 03 1500 5 1 5
2015 12 03 2100 5 1 7
2015 12 04 0300 5 1 7
2015 12 04 0900 10 1 7
2015 12 04 1500 15 1 NaN
2015 12 04 2100 15 1 9
2015 12 05 0300 20 1 9
2015 12 05 0900 20 1 5
2015 12 05 1500 20 1 5
2015 12 05 2100 20 1 9
2015 12 06 0300 10 1 9
2015 12 06 0900 15 1 6
2015 12 06 1500 15 1 6
2015 12 06 2100 15 1 6
2015 12 07 0300 10 1 0
2015 12 07 0900 10 1 0
2015 12 07 1500 10 1 7
2015 12 07 2100 10 1 0
2015 12 08 0300 5 1 NaN
2015 12 08 0900 5 1 1
2015 12 08 1500 5 1 1
2015 12 08 2100 20 1 13
2015 12 09 0300 20 1 13
2015 12 09 0900 20 1 13
2015 12 09 1500 20 1 13
2015 12 09 2100 20 1 13
2015 12 10 0300 20 1 13
2015 12 10 0900 15 1 13
2015 12 10 1500 15 1 13
2015 12 10 2100 15 1 1
2015 12 11 0300 15 1 1
2015 12 11 0900 15 1 8
2015 12 11 1500 15 1 8
2015 12 11 2100 15 1 8
2015 12 12 0300 20 1 8
2015 12 12 0900 15 1 9
2015 12 12 1500 15 1 9
2015 12 12 2100 30 1 9
2015 12 13 0300 30 1 9
2015 12 13 0900 30 1 4
2015 12 13 1500 30 1 4
2015 12 13 2100 30 1 8
2015 12 14 0300 30 1 8
2015 12 14 0900 30 1 12
2015 12 14 1500 30 1 12
2015 12 14 2100 30 1 12
2015 12 15 0300 30 1 12
2015 12 15 0900 30 1 14
2015 12 15 1500 30 1 14
2015 12 15 2100 25 1 NaN
2015 12 16 0300 25 1 NaN
2015 12 16 0900 25 1 11
2015 12 16 1500 25 1 11
2015 12 16 2100 30 1 0
2015 12 17 0300 20 1 0
2015 12 17 0900 20 1 11
2015 12 17 1500 20 1 11
2015 12 17 2100 20 1 11
2015 12 18 0300 20 1 11
2015 12 18 0900 20 1 7
2015 12 18 1500 20 1 7
2015 12 18 2100 20 1 11
2015 12 19 0300 15 1 11
2015 12 19 0900 15 1 11
2015 12 19 1500 15 1 11
2015 12 19 2100 15 1 9
2015 12 20 0300 20 1 9
2015 12 20 0900 20 1 0
2015 12 20 1500 15 1 0
2015 12 20 2100 15 1 13
2015 12 21 0300 30 1 13
2015 12 21 0900 30 1 NaN
2015 12 21 1500 70 1 NaN
2015 12 21 2100 50 1 0
2015 12 22 0300 50 1 0
2015 12 22 0900 50 5 NaN
2015 12 22 1500 50 5 NaN
2015 12 22 2100 50 5 0
2015 12 23 0300 60 10 0
2015 12 23 0900 60 10 9
2015 12 23 1500 60 15 9
2015 12 23 2100 60 5 NaN
2015 12 24 0300 60 10 NaN
2015 12 24 0900 60 5 4
2015 12 24 1500 60 10 4
2015 12 24 2100 50 10 2
2015 12 25 0300 50 10 2
2015 12 25 0900 50 10 5
2015 12 25 1500 50 10 5
2015 12 25 2100 50 5 5
2015 12 26 0300 50 5 5
2015 12 26 0900 50 5 5
2015 12 26 1500 50 5 5
2015 12 26 2100 50 5 4
2015 12 27 0900 50 5 0
2015 12 27 1500 50 5 0
2015 12 27 2100 50 5 5
2015 12 28 0300 50 5 5
2015 12 28 0900 50 5 0
2015 12 28 1500 60 10 0
2015 12 28 2100 60 10 8
2015 12 29 0300 60 5 8
2015 12 29 0900 60 10 9
2015 12 29 1500 40 5 9
2015 12 29 2100 40 5 0
2015 12 30 0300 40 5 0
2015 12 30 0900 40 5 NaN
2015 12 30 1500 40 5 NaN
2015 12 30 2100 20 2 NaN
2015 12 31 0300 20 1 10
2015 12 31 0900 20 1 NaN
2015 12 31 1500 20 1 NaN
2015 12 31 2100 20 1 13
2016 01 01 0300 20 1 13
2016 01 01 0900 20 1 5
2016 01 01 1500 20 1 5
2016 01 01 2100 20 1 NaN
2016 01 02 0300 30 1 NaN
2016 01 02 0900 30 1 NaN
2016 01 02 1500 20 1 NaN
2016 01 02 2100 20 1 NaN
2016 01 03 0300 20 1 NaN
2016 01 03 0900 20 1 NaN
2016 01 03 1500 15 1 NaN
2016 01 03 2100 15 1 5
2016 01 04 0300 15 1 5
2016 01 04 0900 10 1 8
2016 01 04 1500 10 1 8
2016 01 04 2100 10 1 8
2016 01 05 0300 10 1 8
2016 01 05 0900 5 1 11
2016 01 05 1500 5 1 11
2016 01 05 2100 5 1 8
2016 01 06 0300 5 1 8
2016 01 06 0900 5 1 NaN
2016 01 06 1500 5 1 NaN
2016 01 06 2100 10 1 11
2016 01 07 0300 10 1 11
2016 01 07 0900 10 1 NaN
2016 01 07 1500 15 1 NaN
2016 01 07 2100 15 1 0
2016 01 08 0300 10 1 0
2016 01 08 0900 15 1 6
2016 01 08 1500 15 1 6
2016 01 08 2100 15 1 NaN
2016 01 09 0300 15 1 NaN
2016 01 09 0900 15 1 9
2016 01 09 1500 10 1 9
2016 01 09 2100 10 1 6
2016 01 10 0300 10 1 6
2016 01 10 0900 10 1 9
2016 01 10 1500 10 1 9
2016 01 10 2100 10 1 6
2016 01 11 0300 10 1 6
2016 01 11 0900 5 1 1
2016 01 11 1500 5 1 1
2016 01 11 2100 5 1 13
2016 01 12 0300 5 1 13
2016 01 12 0900 5 1 12
2016 01 12 1500 5 1 12
2016 01 12 2100 5 1 9
2016 01 13 0300 5 1 9
2016 01 13 0900 5 1 0
2016 01 13 1500 5 1 0
2016 01 13 2100 5 1 0
2016 01 14 0300 5 1 0
2016 01 14 0900 5 1 8
2016 01 14 1500 5 1 8
2016 01 14 2100 5 1 0
2016 01 15 0300 5 1 0
2016 01 15 0900 5 1 8
2016 01 15 1500 5 1 8
2016 01 15 2100 5 1 12
2016 01 16 0300 5 1 12
2016 01 16 0900 5 1 9
2016 01 16 1500 5 1 9
2016 01 16 2100 5 1 8
2016 01 17 0300 5 1 8
2016 01 17 0900 5 1 5
2016 01 17 1500 5 1 5
2016 01 17 2100 5 1 13
2016 01 18 0300 5 1 13
2016 01 18 0900 5 1 13
2016 01 18 1500 5 1 13
2016 01 18 2100 5 1 7
2016 01 19 0300 5 1 7
2016 01 19 0900 5 1 7
2016 01 19 1500 5 1 7
2016 01 19 2100 5 1 11
2016 01 20 0300 5 1 11
2016 01 20 0900 5 1 2
2016 01 20 1500 5 1 2
2016 01 20 2100 5 1 2
2016 01 21 0300 13 1 2
2016 01 21 0900 10 1 12
2016 01 21 1500 10 1 12
2016 01 21 2100 10 1 2
2016 01 22 0300 10 1 2
2016 01 22 0900 10 1 4
2016 01 22 1500 10 1 4
2016 01 22 2100 10 1 0
2016 01 23 0300 10 1 0
2016 01 23 0900 10 1 4
2016 01 23 1500 10 1 4
2016 01 23 2100 10 1 12
2016 01 24 0300 5 1 12
2016 01 24 0900 5 1 9
2016 01 24 1500 5 1 9
2016 01 24 2100 5 1 4
2016 01 25 0300 10 1 4
2016 01 25 0900 10 1 9
2016 01 25 1500 15 1 9
2016 01 25 2100 20 1 13
2016 01 26 0300 20 1 13
2016 01 26 0900 20 1 13
2016 01 26 1500 20 1 13
2016 01 26 2100 20 1 9
2016 01 27 0300 10 1 9
2016 01 27 0900 10 1 12
2016 01 27 1500 10 1 12
2016 01 27 2100 10 1 11
2016 01 28 0300 15 1 11
2016 01 28 0900 20 1 NaN
2016 01 28 1500 40 1 NaN
2016 01 28 2100 20 1 2
2016 01 29 0300 20 1 2
2016 01 29 0900 20 1 8
2016 01 29 1500 20 1 8
2016 01 29 2100 20 1 NaN
2016 01 30 0300 15 1 NaN
2016 01 30 0900 15 1 7
2016 01 30 1500 15 1 7
2016 01 30 2100 15 1 NaN
2016 01 31 0300 10 1 NaN
2016 01 31 0900 7 1 NaN
2016 01 31 1500 7 1 NaN
2016 01 31 2100 7 1 12
2016 02 01 0300 7 1 12
2016 02 01 0900 5 1 NaN
2016 02 01 1500 5 1 NaN
2016 02 01 2100 5 1 13
2016 02 02 0300 5 1 13
2016 02 02 0900 5 1 NaN
2016 02 02 1500 5 1 NaN
2016 02 02 2100 5 1 NaN
2016 02 03 0300 5 1 7
2016 02 03 0900 15 1 7
2016 02 03 1500 15 1 7
2016 02 03 2100 15 1 NaN
2016 02 04 0300 15 1 NaN
2016 02 04 0900 15 1 12
2016 02 04 1500 10 1 12
2016 02 04 2100 25 2 NaN
2016 02 05 0300 25 2 NaN
2016 02 05 0900 25 2 4
2016 02 05 1500 25 2 4
2016 02 05 2100 20 1 4
2016 02 06 0300 20 1 4
2016 02 06 0900 20 1 4
2016 02 06 1500 20 1 4
2016 02 06 2100 15 1 NaN
2016 02 07 0300 15 1 NaN
2016 02 07 0900 15 1 8
2016 02 07 1500 15 1 8
2016 02 07 2100 15 1 13
2016 02 08 0300 20 1 13
2016 02 08 0900 20 1 9
2016 02 08 1500 20 1 9
2016 02 08 2100 20 1 8
2016 02 09 0300 15 1 8
2016 02 09 0900 15 1 9
2016 02 09 1500 15 1 9
2016 02 09 2100 15 1 13
2016 02 10 0300 15 1 13
2016 02 10 0900 15 1 12
2016 02 10 1500 10 1 12
2016 02 10 2100 10 1 NaN
2016 02 11 0300 10 1 NaN
2016 02 11 0900 10 1 12
2016 02 11 1500 10 1 12
2016 02 11 2100 10 1 0
2016 02 12 0300 20 5 0
2016 02 12 0900 20 5 0
2016 02 12 1500 25 5 0
2016 02 12 2100 25 5 12
2016 02 13 0300 25 5 12
2016 02 13 0900 25 5 12
2016 02 13 1500 25 5 2
2016 02 13 2100 35 5 2
2016 02 14 0300 35 5 2
2016 02 14 0900 35 5 5
2016 02 14 1500 35 5 5
2016 02 14 2100 35 5 2
2016 02 15 0300 35 5 2
2016 02 15 0900 35 5 5
2016 02 15 1500 35 5 5
2016 02 15 2100 35 5 6
2016 02 16 0300 35 5 6
2016 02 16 0900 40 5 0
2016 02 16 1500 40 5 0
2016 02 16 2100 40 5 14
2016 02 17 0300 35 5 14
2016 02 17 0900 35 5 0
2016 02 17 1500 30 5 0
2016 02 17 2100 30 5 14
2016 02 18 0300 30 5 14
2016 02 18 0900 10 1 14
2016 02 18 1500 10 1 14
2016 02 18 2100 5 1 0
2016 02 19 0300 3 1 0
2016 02 19 0900 5 1 0
2016 02 19 1500 5 1 0
2016 02 19 2100 5 1 9
2016 02 20 0300 10 1 9
2016 02 20 0900 10 1 6
2016 02 20 1500 10 1 6
2016 02 20 2100 10 1 2
2016 02 21 0300 10 1 2
2016 02 21 0900 10 1 6
2016 02 21 1500 5 1 6
2016 02 21 2100 10 1 6
2016 02 22 0300 10 1 6
2016 02 22 0900 10 1 6
2016 02 22 1500 10 1 5
2016 02 22 2100 5 1 13
2016 02 23 0300 5 1 NaN
2016 02 23 0900 5 1 11
2016 02 23 1500 5 1 11
2016 02 23 2100 5 1 7
2016 02 24 0300 5 1 13
2016 02 24 0900 5 1 9
2016 02 24 1500 5 1 9
2016 02 24 2100 5 1 9
2016 02 25 0300 5 1 11
2016 02 25 0900 5 1 9
2016 02 25 1500 5 1 9
2016 02 25 2100 5 1 4
2016 02 26 0300 5 1 4
2016 02 26 0900 5 1 4
2016 02 26 1500 5 1 2
2016 02 26 2100 5 1 9
2016 02 27 0300 5 1 9
2016 02 27 0900 10 1 5
2016 02 27 1500 10 1 5
2016 02 27 2100 10 1 0
2016 02 28 0300 10 1 0
2016 02 28 0900 10 1 5
2016 02 28 1500 10 1 5
2016 02 28 2100 10 1 10
2016 02 29 0300 10 1 10
2016 02 29 0900 10 1 6
2016 02 29 1500 10 1 6
2016 02 29 2100 10 1 13
2016 03 01 0300 10 1 13
2016 03 01 0900 10 1 14
2016 03 01 1500 10 1 14
2016 03 01 2100 10 1 0
2016 03 02 0300 10 1 0
2016 03 02 0900 5 1 11
2016 03 02 1500 5 1 11
2016 03 02 2100 5 1 5
2016 03 03 0300 5 1 5
2016 03 03 0900 5 1 0
2016 03 03 1500 5 1 0
2016 03 03 2100 5 1 14
2016 03 04 0300 5 1 14
2016 03 04 0900 5 1 0
2016 03 04 1500 5 1 0
2016 03 04 2100 5 1 11
2016 03 05 0300 5 1 11
2016 03 05 0900 5 1 2
2016 03 05 1500 5 1 2
2016 03 05 2100 5 1 0
2016 03 06 0300 5 1 0
2016 03 06 0900 5 1 0
2016 03 06 1500 5 1 7
2016 03 06 2100 5 1 13
2016 03 07 0300 5 1 13
2016 03 07 0900 5 1 NaN
2016 03 07 1500 5 1 NaN
2016 03 07 2100 5 1 NaN
2016 03 08 0300 5 1 NaN
2016 03 08 0900 5 1 NaN
2016 03 08 1500 5 1 NaN
2016 03 08 2100 5 1 9
2016 03 09 0300 5 1 9
2016 03 09 0900 10 1 5
2016 03 09 1500 10 1 5
2016 03 09 2100 10 1 NaN
2016 03 10 0300 10 1 NaN
2016 03 10 0900 10 1 11
2016 03 10 1500 10 1 11
2016 03 10 2100 10 1 NaN
2016 03 11 0300 10 1 NaN
2016 03 11 0900 10 1 6
2016 03 11 1500 5 1 6
2016 03 11 2100 5 1 0
2016 03 12 0300 5 1 0
2016 03 12 0900 5 1 12
2016 03 12 1500 5 1 12
2016 03 12 2100 5 1 7
2016 03 13 0300 5 1 7
2016 03 13 0900 5 1 10
2016 03 13 1500 5 1 10
2016 03 13 2100 5 1 12
2016 03 14 0300 5 1 12
2016 03 14 0900 5 1 12
2016 03 14 1500 5 1 12
2016 03 14 2100 5 1 13
2016 03 15 0300 5 1 13
2016 03 15 0900 5 1 5
2016 03 15 1500 5 1 5
2016 03 15 2100 10 1 10
2016 03 16 0300 5 1 10
2016 03 16 0900 5 1 7
2016 03 16 1500 10 1 7
2016 03 16 2100 10 1 1
2016 03 17 0300 10 1 1
2016 03 17 0900 10 1 9
2016 03 17 1500 10 1 9
2016 03 17 2100 10 1 12
2016 03 18 0300 10 1 12
2016 03 18 0900 10 1 9
2016 03 18 1500 5 1 9
2016 03 18 2100 5 1 7
2016 03 19 0300 5 1 7
2016 03 19 0900 5 1 10
2016 03 19 1500 5 1 10
2016 03 19 2100 5 1 9
2016 03 20 0300 5 1 9
2016 03 20 0900 5 1 9
2016 03 20 1500 5 1 9
2016 03 20 2100 5 1 13
2016 03 21 0300 5 1 13
2016 03 21 0900 5 1 8
2016 03 21 1500 5 1 8
2016 03 21 2100 5 1 11
2016 03 22 0300 5 1 11
2016 03 22 0900 5 1 11
2016 03 22 1500 5 1 11
2016 03 22 2100 5 1 11
2016 03 23 0300 5 1 11
2016 03 23 0900 5 1 2
2016 03 23 1500 5 1 2
2016 03 23 2100 5 1 8
2016 03 24 0300 5 1 8
2016 03 24 0900 5 1 0
2016 03 24 1500 5 1 0
2016 03 24 2100 5 1 2
2016 03 25 0300 5 1 2
2016 03 25 0900 5 1 0
2016 03 25 1500 5 1 0
2016 03 25 2100 5 1 6
2016 03 26 0300 5 1 6
2016 03 26 0900 5 1 5
2016 03 26 1500 5 1 5
2016 03 26 2100 1 1 0
2016 03 27 0300 1 1 0
2016 03 27 0900 1 1 5
2016 03 27 1500 1 1 5
2016 03 27 2100 1 1 0
2016 03 28 0300 1 1 0
2016 03 28 0900 1 1 NaN
2016 03 28 1500 1 1 NaN
2016 03 28 2100 1 1 5
2016 03 29 0300 1 1 5
2016 03 29 0900 1 1 NaN
2016 03 29 1500 1 1 NaN
2016 03 29 2100 1 1 8
2016 03 30 0300 1 1 8
2016 03 30 0900 1 1 12
2016 03 30 1500 1 1 12
2016 03 30 2100 1 1 NaN
2016 03 31 0300 1 1 NaN
2016 03 31 0900 2 1 NaN
2016 03 31 1500 2 1 NaN
2016 03 31 2100 2 1 12
2016 04 01 0300 2 1 12
2016 04 01 0900 1 1 9
2016 04 01 1500 1 1 9
2016 04 01 2100 1 1 7
2016 04 02 0300 1 1 7
2016 04 02 0900 1 1 9
2016 04 02 1500 1 1 9
2016 04 02 2100 1 1 6
2016 04 03 0300 1 1 6
2016 04 03 0900 1 1 NaN
2016 04 03 1500 5 1 NaN
2016 04 03 2100 1 1 9
2016 04 04 0300 1 1 9
2016 04 04 1500 1 1 0
2016 04 04 2100 1 1 NaN
2016 04 05 0300 1 1 NaN
2016 04 05 0900 1 1 NaN
2016 04 05 1500 1 1 0
2016 04 05 2100 1 1 2
2016 04 06 0300 1 1 2
2016 04 06 0900 2 1 2
2016 04 06 1500 5 1 2
2016 04 06 2100 5 1 0
2016 04 07 0300 3 1 0
2016 04 07 0900 5 1 5
2016 04 07 1500 5 1 5
2016 04 07 2100 5 1 7
2016 04 08 0300 5 1 7
2016 04 08 0900 10 1 7
2016 04 08 1500 10 1 7
2016 04 08 2100 10 1 NaN
2016 04 09 0300 10 1 NaN
2016 04 09 0900 10 1 NaN
2016 04 09 1500 30 1 NaN
2016 04 09 2100 20 1 8
2016 04 10 0300 20 1 8
2016 04 10 0900 20 1 6
2016 04 10 1500 20 1 6
2016 04 10 2100 30 1 6
2016 04 11 0300 30 1 6
2016 04 11 0900 20 1 0
2016 04 11 1500 20 1 0
2016 04 11 2100 20 1 2
2016 04 12 0300 20 1 2
2016 04 12 0900 20 1 NaN
2016 04 12 1500 20 1 NaN
2016 04 12 2100 20 1 2
2016 04 13 0300 20 1 2
2016 04 13 0900 10 1 8
2016 04 13 1500 10 1 8
2016 04 13 2100 10 1 5
2016 04 14 0900 10 1 8
2016 04 14 1500 10 1 8
2016 04 14 2100 10 1 NaN
2016 04 15 0300 10 1 NaN
2016 04 15 0900 10 1 10
2016 04 15 1500 10 1 10
2016 04 15 2100 20 1 7
2016 04 16 0300 20 1 7
2016 04 16 0900 20 1 6
2016 04 16 1500 20 1 6
2016 04 16 2100 20 1 8
2016 04 17 0300 20 1 8
2016 04 17 0900 20 1 2
2016 04 17 1500 20 1 2
2016 04 17 2100 20 1 8
2016 04 18 0300 30 1 8
2016 04 18 0900 30 1 0
2016 04 18 1500 20 1 0
2016 04 18 2100 10 1 13
2016 04 19 0300 10 1 13
2016 04 19 0900 10 1 13
2016 04 19 1500 10 1 13
2016 04 19 2100 10 1 2
2016 04 20 0300 5 1 2
2016 04 20 0900 10 1 9
2016 04 20 1500 10 1 9
2016 04 20 2100 10 1 0
2016 04 21 0300 10 1 0
2016 04 21 0900 10 1 12
2016 04 21 1500 1 1 12
2016 04 21 2100 1 1 NaN
2016 04 22 0300 1 1 NaN
2016 04 22 0900 1 1 12
2016 04 22 1500 1 1 12
2016 04 22 2100 1 1 9
2016 04 23 0300 1 1 9
2016 04 23 0900 1 1 9
2016 04 23 1500 1 1 9
2016 04 23 2100 1 1 9
2016 04 24 0300 5 1 9
2016 04 24 0900 10 1 5
2016 04 24 1500 5 1 5
2016 04 24 2100 5 1 12
2016 04 25 0300 1 1 12
2016 04 25 0900 1 1 5
2016 04 25 1500 5 1 5
2016 04 25 2100 5 1 13
2016 04 26 0300 1 1 13
2016 04 26 0900 1 1 NaN
2016 04 26 1500 1 1 NaN
2016 04 26 2100 1 1 11
2016 04 27 0300 1 1 11
2016 04 27 0900 1 1 NaN
2016 04 27 1500 1 1 NaN
2016 04 27 2100 5 1 5
2016 04 28 0300 5 1 5
2016 04 28 0900 5 1 0
2016 04 28 1500 5 1 0
2016 04 28 2100 5 1 NaN
2016 04 29 0300 5 1 NaN
2016 04 29 0900 5 1 NaN
2016 04 29 1500 5 1 12
2016 04 29 2100 5 1 NaN
2016 04 30 0300 5 1 NaN
2016 04 30 0900 5 1 2
2016 04 30 1500 5 1 2
2016 04 30 2100 5 1 0
2016 05 01 0300 5 1 0
2016 05 01 0900 5 1 2
2016 05 01 1500 5 1 2
2016 05 01 2100 5 1 13
2016 05 02 0300 10 1 13
2016 05 02 0900 10 1 13
2016 05 02 1500 10 1 13
2016 05 02 2100 10 1 5
2016 05 03 0300 10 1 5
2016 05 03 0900 10 1 1
2016 05 03 1500 10 1 1
2016 05 03 2100 10 1 12
2016 05 04 0300 10 1 12
2016 05 04 0900 10 1 0
2016 05 04 1500 15 1 0
2016 05 04 2100 5 1 1
2016 05 05 0300 5 1 1
2016 05 05 0900 10 1 NaN
2016 05 05 1500 10 1 NaN
2016 05 05 2100 5 1 2
2016 05 06 0300 5 1 2
2016 05 06 0900 5 1 NaN
2016 05 06 1500 5 1 NaN
2016 05 06 2100 5 1 6
2016 05 07 0300 4 1 6
2016 05 07 0900 5 1 NaN
2016 05 07 1500 5 1 NaN
2016 05 07 2100 5 1 0
2016 05 08 0300 5 1 0
2016 05 08 0900 5 1 4
2016 05 08 1500 5 1 4
2016 05 08 2100 1 1 13
2016 05 09 0300 1 1 13
2016 05 09 0900 1 1 8
2016 05 09 1500 1 1 8
2016 05 09 2100 1 1 4
2016 05 10 0300 1 1 4
2016 05 10 0900 1 1 9
2016 05 10 1500 1 1 9
2016 05 10 2100 1 1 4
2016 05 11 0300 1 1 4
2016 05 11 0900 1 1 1
2016 05 11 1500 1 1 1
2016 05 11 2100 1 1 12
2016 05 12 0300 1 1 12
2016 05 12 0900 5 1 12
2016 05 12 1500 5 1 0
2016 05 12 2100 5 1 12
2016 05 13 0300 5 1 12
2016 05 13 0900 5 1 0
2016 05 13 1500 5 1 0
2016 05 13 2100 5 1 14
2016 05 14 0300 5 1 14
2016 05 14 0900 5 1 4
2016 05 14 1500 15 1 4
2016 05 14 2100 15 1 8
2016 05 15 0300 15 1 8
2016 05 15 0900 15 1 8
2016 05 15 1500 15 1 8
2016 05 15 2100 15 1 NaN
2016 05 16 0300 15 1 NaN
2016 05 16 0900 20 1 NaN
2016 05 16 1500 20 1 NaN
2016 05 16 2100 20 1 4
2016 05 17 0300 15 1 4
2016 05 17 0900 10 1 0
2016 05 17 1500 5 1 0
2016 05 17 2100 5 1 9
2016 05 18 0300 5 1 9
2016 05 18 0900 5 1 0
2016 05 18 1500 1 1 0
2016 05 18 2100 1 1 5
2016 05 19 0300 1 1 5
2016 05 19 0900 1 1 NaN
2016 05 19 1500 1 1 NaN
2016 05 19 2100 5 1 NaN
2016 05 20 0300 5 1 NaN
2016 05 20 0900 5 1 12
2016 05 20 1500 5 1 12
2016 05 20 2100 3 1 14
2016 05 21 0300 2 1 14
2016 05 21 0900 2 1 9
2016 05 21 1500 5 1 9
2016 05 21 2100 5 1 2
2016 05 22 0300 5 1 2
2016 05 22 0900 5 1 2
2016 05 22 1500 5 1 2
2016 05 22 2100 1 1 NaN
2016 05 23 0300 1 1 NaN
2016 05 23 0900 1 1 NaN
2016 05 23 1500 1 1 NaN
2016 05 23 2100 1 1 13
2016 05 24 0300 1 1 13
2016 05 24 0900 2 1 13
2016 05 24 1500 2 1 13
2016 05 24 2100 2 1 NaN
2016 05 25 0300 2 1 NaN
2016 05 25 0900 2 1 6
2016 05 25 1500 2 1 6
2016 05 25 2100 2 1 NaN
2016 05 26 0300 2 1 NaN
2016 05 26 0900 2 1 6
2016 05 26 1500 2 1 6
2016 05 26 2100 2 1 7
2016 05 27 0300 2 1 7
2016 05 27 0900 2 1 14
2016 05 27 1500 2 1 14
2016 05 27 2100 2 1 7
2016 05 28 0300 2 1 7
2016 05 28 0900 2 1 9
2016 05 28 1500 2 1 9
2016 05 28 2100 2 1 6
2016 05 29 0300 2 1 6
2016 05 29 0900 2 1 9
2016 05 29 1500 2 1 9
2016 05 29 2100 1 1 5
2016 05 30 0300 1 1 5
2016 05 30 0900 1 1 0
2016 05 30 1500 1 1 0
2016 05 30 2100 1 1 5
2016 05 31 0300 1 1 5
2016 05 31 0900 1 1 0
2016 05 31 1500 5 1 0
2016 05 31 2100 1 1 9
2016 06 01 0300 1 1 9
2016 06 01 0900 1 1 7
2016 06 01 1500 1 1 7
2016 06 01 2100 1 1 NaN
2016 06 02 0300 1 1 NaN
2016 06 02 0900 1 1 NaN
2016 06 02 1500 1 1 7
2016 06 02 2100 1 1 0
2016 06 03 0300 1 1 0
2016 06 03 0900 1 1 0
2016 06 03 1500 1 1 14
2016 06 03 2100 1 1 7
2016 06 04 0300 1 1 7
2016 06 04 0900 1 1 1
2016 06 04 1500 1 1 1
2016 06 04 2100 1 1 6
2016 06 05 0300 1 1 6
2016 06 05 0900 1 1 5
2016 06 05 1500 1 1 5
2016 06 05 2100 1 1 13
2016 06 06 0300 1 1 13
2016 06 06 0900 1 1 1
2016 06 06 1500 1 1 1
2016 06 06 2100 1 1 13
2016 06 07 0300 1 1 13
2016 06 07 0900 1 1 4
2016 06 07 1500 1 1 4
2016 06 07 2100 1 1 4
2016 06 08 0300 1 1 1
2016 06 08 0900 1 1 4
2016 06 08 1500 1 1 4
2016 06 08 2100 1 1 0
2016 06 09 0300 1 1 0
2016 06 09 0900 1 1 14
2016 06 09 1500 5 1 14
2016 06 09 2100 5 1 7
2016 06 10 0300 5 1 7
2016 06 10 0900 5 1 5
2016 06 10 1500 5 1 5
2016 06 10 2100 5 1 4
2016 06 11 0300 5 1 4
2016 06 11 0900 5 1 2
2016 06 11 1500 5 1 2
2016 06 11 2100 5 1 9
2016 06 12 0300 20 1 9
2016 06 12 0900 20 1 2
2016 06 12 1500 20 1 2
2016 06 12 2100 5 1 13
2016 06 13 0300 5 1 13
2016 06 13 0900 10 1 10
2016 06 13 1500 10 1 10
2016 06 13 2100 5 1 5
2016 06 14 0300 5 1 5
2016 06 14 0900 5 1 5
2016 06 14 1500 5 1 5
2016 06 14 2100 5 1 7
2016 06 15 0300 5 1 7
2016 06 15 0900 5 1 9
2016 06 15 1500 5 1 9
2016 06 15 2100 5 1 9
2016 06 16 0300 5 1 9
2016 06 16 0900 5 1 9
2016 06 16 1500 5 1 9
2016 06 16 2100 5 1 8
2016 06 17 0300 5 1 8
2016 06 17 0900 5 1 NaN
2016 06 17 1500 5 1 NaN
2016 06 17 2100 5 1 8
2016 06 18 0300 5 1 8
2016 06 18 0900 5 1 NaN
2016 06 18 1500 3 1 NaN
2016 06 18 2100 5 1 4
2016 06 19 0300 5 1 4
2016 06 19 0900 5 1 0
2016 06 19 1500 5 1 0
2016 06 19 2100 5 1 7
2016 06 20 0300 5 1 7
2016 06 20 0900 5 1 0
2016 06 20 1500 1 1 0
2016 06 20 2100 1 1 NaN
2016 06 21 0300 1 1 NaN
2016 06 21 0900 1 1 NaN
2016 06 21 1500 1 1 NaN
2016 06 21 2100 1 1 0
2016 06 22 0300 1 1 0
2016 06 22 0900 1 1 0
2016 06 22 1500 1 1 0
2016 06 22 2100 1 1 0
2016 06 23 0300 1 1 0
2016 06 23 0900 1 1 2
2016 06 23 1500 1 1 2
2016 06 23 2100 1 1 8
2016 06 24 0300 1 1 8
2016 06 24 0900 1 1 8
2016 06 24 1500 1 1 7
2016 06 24 2100 1 1 2
2016 06 25 0300 1 1 2
2016 06 25 0900 1 1 NaN
2016 06 25 1500 1 1 NaN
2016 06 25 2100 1 1 NaN
2016 06 26 0300 1 1 NaN
2016 06 26 0900 1 1 0
2016 06 26 1500 1 1 0
2016 06 26 2100 1 1 13
2016 06 27 0300 1 1 13
2016 06 27 0900 1 1 9
2016 06 27 1500 1 1 9
2016 06 27 2100 1 1 NaN
2016 06 28 0300 1 1 NaN
2016 06 28 0900 1 1 NaN
2016 06 28 1500 1 1 NaN
2016 06 28 2100 1 1 6
2016 06 29 0300 1 1 6
2016 06 29 0900 1 1 6
2016 06 29 1500 1 1 6
2016 06 29 2100 1 1 NaN
2016 06 30 0300 1 1 NaN
2016 06 30 0900 1 1 10
2016 06 30 1500 1 1 10
2016 06 30 2100 1 1 5
2016 07 01 0300 1 1 5
2016 07 01 0900 1 1 1
2016 07 01 1500 1 1 1
2016 07 01 2100 1 1 5
2016 07 02 0300 1 1 5
2016 07 02 0900 1 1 9
2016 07 02 1500 1 1 9
2016 07 02 2100 1 1 14
2016 07 03 0300 1 1 14
2016 07 03 0900 1 1 NaN
2016 07 03 1500 1 1 NaN
2016 07 03 2100 1 1 13
2016 07 04 0300 1 1 13
2016 07 04 0900 1 1 0
2016 07 04 1500 1 1 0
2016 07 04 2100 1 1 0
2016 07 05 0300 1 1 0
2016 07 05 0900 1 1 0
2016 07 05 1500 1 1 0
2016 07 05 2100 1 1 NaN
2016 07 06 0300 1 1 NaN
2016 07 06 0900 1 1 NaN
2016 07 06 1500 1 1 NaN
2016 07 06 2100 1 1 NaN
2016 07 07 0300 1 1 0
2016 07 07 0900 1 1 NaN
2016 07 07 1500 5 1 NaN
2016 07 07 2100 5 1 8
2016 07 08 0300 5 1 8
2016 07 08 0900 5 1 8
2016 07 08 1500 5 1 14
2016 07 08 2100 5 1 5
2016 07 09 0300 5 1 5
2016 07 09 0900 5 1 5
2016 07 09 1500 5 1 5
2016 07 09 2100 5 1 NaN
2016 07 10 0300 5 1 NaN
2016 07 10 0900 15 1 NaN
2016 07 10 1500 15 1 NaN
2016 07 10 2100 15 1 NaN
2016 07 11 0300 10 1 NaN
2016 07 11 0900 10 1 4
2016 07 11 1500 10 1 4
2016 07 11 2100 10 1 13
2016 07 12 0300 10 1 13
2016 07 12 0900 10 1 4
2016 07 12 1500 10 1 4
2016 07 12 2100 10 1 4
2016 07 13 0300 10 1 4
2016 07 13 0900 5 1 0
2016 07 13 1500 5 1 0
2016 07 13 2100 5 1 0
2016 07 14 0300 5 1 0
2016 07 14 0900 5 1 0
2016 07 14 1500 5 1 0
2016 07 14 2100 5 1 4
2016 07 15 0300 5 1 4
2016 07 15 0900 5 1 NaN
2016 07 15 1500 10 1 NaN
2016 07 15 2100 15 1 0
