2015 01 13 0300 8 1 9
2015 01 25 2100 48 3 13
2015 01 26 0900 19 1 13
2015 01 28 0900 33 4 NaN
2015 01 28 1500 34 4 NaN
2015 01 29 0300 26 1 2
2015 01 30 0300 20 2 NaN
2015 07 10 1500 51 3 9
2015 07 10 2100 36 2 9
2015 07 11 0300 31 2 9
2015 07 11 0900 29 2 5
2015 07 11 1500 37 3 5
2015 07 11 2100 23 0 8
2015 07 12 0300 16 0 8
2015 07 12 0900 22 1 14
2015 07 12 1500 18 1 14
2015 07 12 2100 28 3 5
2015 07 13 0300 22 2 5
2015 07 13 0900 14 1 6
2015 07 13 1500 16 1 6
2015 07 13 2100 16 1 13
2015 07 14 0300 17 1 13
2015 07 14 0900 21 1 9
2015 07 14 1500 21 1 9
2015 07 14 2100 24 1 0
2015 07 15 0300 21 1 0
2015 07 15 0900 6 1 10
2015 07 15 2100 8 1 6
2015 07 16 0300 7 1 6
2015 07 16 0900 10 1 4
2015 07 16 1500 26 1 4
2015 07 16 2100 6 1 9
2015 07 17 0300 18 1 9
2015 07 17 0900 18 1 9
2015 07 17 1500 10 0 4
2015 07 17 2100 10 0 2
2015 07 18 0300 10 0 2
2015 07 18 0900 18 1 8
2015 07 18 1500 18 1 8
2015 07 18 2100 14 1 4
2015 07 19 0300 14 1 4
2015 07 19 0900 15 1 8
2015 07 19 1500 14 0 8
2015 07 19 2100 14 0 13
2015 07 20 0300 17 2 13
2015 07 20 0900 14 1 11
2015 07 20 1500 14 1 11
2015 07 20 2100 17 1 11
2015 07 21 0300 17 1 11
2015 07 21 0900 24 1 11
2015 07 21 1500 24 1 11
2015 07 21 2100 24 1 8
2015 07 22 0300 16 1 8
2015 07 22 0900 3 1 5
2015 07 22 1500 2 1 5
2015 07 23 0300 6 0 NaN
2015 07 23 0900 6 0 5
2015 07 23 1500 2 0 5
2015 07 23 2100 4 0 11
2015 07 24 0300 3 0 11
2015 07 24 0900 4 0 2
2015 07 24 1500 6 0 2
2015 07 24 2100 9 0 2
2015 07 25 0300 9 0 2
2015 07 25 0900 7 0 2
2015 07 25 1500 5 1 2
2015 07 25 2100 6 1 9
2015 07 26 0300 15 2 9
2015 07 26 0900 16 2 9
2015 07 26 1500 16 1 9
2015 07 26 2100 20 2 8
2015 07 27 0300 20 2 8
2015 07 27 0900 24 2 11
2015 07 27 1500 26 2 11
2015 07 27 2100 22 2 11
2015 07 27 2100 22 2 11
2015 07 28 0300 20 1 11
2015 07 28 0900 20 2 0
2015 07 28 1500 20 2 0
2015 07 28 2100 17 1 0
2015 07 28 2100 17 1 0
2015 07 29 0300 18 1 0
2015 07 29 0900 20 2 0
2015 07 29 1500 20 2 14
2015 07 29 2100 20 1 11
2015 07 30 0300 21 1 11
2015 07 30 0900 25 2 0
2015 07 30 1500 30 4 0
2015 07 30 2100 30 2 11
2015 07 31 0300 24 1 11
2015 07 31 0900 19 1 9
2015 07 31 1500 19 1 9
2015 07 31 2100 30 4 0
2015 08 01 0300 30 0 0
2015 08 01 0900 16 1 9
2015 08 01 1500 15 2 9
2015 08 01 2100 9 1 8
2015 08 02 0300 11 1 8
2015 08 02 0900 5 0 8
2015 08 02 1500 8 1 9
2015 08 02 2100 8 1 9
2015 08 03 0300 8 1 13
2015 08 03 0900 26 1 4
2015 08 03 1500 16 2 4
2015 08 03 2100 5 0 9
2015 08 04 0300 20 1 9
2015 08 04 0900 26 1 4
2015 08 04 1500 27 1 4
2015 08 04 2100 28 1 9
2015 08 05 0300 28 1 9
2015 08 05 0900 28 1 9
2015 08 05 1500 28 1 2
2015 08 05 2100 42 5 1
2015 08 06 0300 42 1 1
2015 08 06 0900 66 2 8
2015 08 06 1500 66 1 8
2015 08 06 2100 70 13 5
2015 08 07 0300 70 13 5
2015 08 07 0900 70 2 12
2015 08 07 1500 70 2 12
2015 08 07 2100 65 13 12
2015 08 08 0300 69 13 12
2015 08 08 0900 65 14 6
2015 08 08 1500 65 2 6
2015 08 08 2100 65 2 6
2015 08 09 0300 65 1 2
2015 08 09 0900 65 1 1
2015 08 09 1500 65 1 1
2015 08 09 2100 37 1 9
2015 08 10 0300 65 1 9
2015 08 10 0900 36 5 5
2015 08 10 1500 36 5 5
2015 08 10 2100 64 1 9
2015 08 11 0300 64 1 9
2015 08 11 0900 65 1 9
2015 08 11 1500 37 2 9
2015 08 11 2100 57 0 11
2015 08 12 0300 58 0 11
2015 08 12 0900 65 1 12
2015 08 12 1500 65 1 12
2015 08 12 2100 36 1 12
2015 08 13 0300 36 1 4
2015 08 13 0900 38 1 12
2015 08 13 1500 66 2 12
2015 08 13 2100 38 1 12
2015 08 13 2100 38 1 12
2015 08 14 0300 34 3 12
2015 08 14 0900 16 1 2
2015 08 14 1500 16 1 2
2015 08 14 2100 6 0 5
2015 08 15 0300 3 1 5
2015 08 15 0900 4 1 11
2015 08 15 1500 4 1 11
2015 08 15 2100 9 1 2
2015 08 16 0300 7 1 2
2015 08 16 0900 5 0 1
2015 08 16 1500 5 0 1
2015 08 16 2100 3 0 2
2015 08 17 0300 3 0 2
2015 08 17 0900 3 0 0
2015 08 17 1500 3 0 0
2015 08 17 2100 6 0 9
2015 08 18 0300 12 0 9
2015 08 18 0900 10 0 0
2015 08 18 1500 10 0 0
2015 08 18 2100 8 0 0
2015 08 19 0300 7 0 0
2015 08 19 0900 9 0 0
2015 08 19 1500 14 1 0
2015 08 19 2100 17 2 0
2015 08 20 0300 20 3 0
2015 08 20 0900 24 1 0
2015 08 20 1500 19 1 0
2015 08 20 2100 24 1 0
2015 08 21 0300 35 9 7
2015 08 21 0900 35 1 7
2015 08 21 1500 36 1 3
2015 08 21 2100 65 13 14
2015 08 22 0300 65 13 14
2015 08 22 0900 64 13 9
2015 08 22 1500 64 13 9
2015 08 22 2100 64 13 9
2015 08 23 0300 64 13 10
2015 08 23 0900 68 18 8
2015 08 23 1500 68 18 8
2015 08 23 2100 63 13 9
2015 08 24 0300 63 13 9
2015 08 24 0900 70 20 0
2015 08 24 1500 67 18 0
2015 08 24 2100 67 18 9
2015 08 25 0300 67 18 9
2015 08 25 0900 67 18 9
2015 08 25 1500 67 18 9
2015 08 25 2100 66 18 6
2015 08 25 2100 66 18 6
2015 08 26 0300 66 8 6
2015 08 26 0900 66 18 11
2015 08 26 1500 66 18 11
2015 08 26 2100 66 18 11
2015 08 27 0300 66 22 11
2015 08 27 0900 66 18 11
2015 08 27 1500 66 18 11
2015 08 27 2100 66 18 11
2015 08 28 0300 66 18 7
2015 08 28 0900 53 9 14
2015 08 28 1500 53 9 14
2015 08 28 2100 53 9 0
2015 08 29 0300 54 9 0
2015 08 29 0900 54 1 0
2015 08 29 1500 53 1 0
2015 08 29 2100 35 1 11
2015 08 30 0300 35 1 11
2015 08 30 0900 5 0 11
2015 08 30 1500 5 0 11
2015 08 30 2100 5 0 14
2015 08 31 0300 4 0 14
2015 08 31 0900 4 0 6
2015 08 31 1500 6 1 6
2015 08 31 2100 33 4 13
2015 09 01 0300 66 18 13
2015 09 01 0900 4 1 6
2015 09 01 1500 7 0 6
2015 09 01 2100 7 0 6
2015 09 02 0300 7 0 12
2015 09 02 0900 7 0 0
2015 09 02 1500 6 0 0
2015 09 02 2100 8 0 6
2015 09 03 0300 6 0 6
2015 09 03 0900 3 0 0
2015 09 03 1500 6 0 0
2015 09 03 2100 7 0 10
2015 09 04 0300 6 0 10
2015 09 04 0900 5 0 0
2015 09 04 1500 5 0 0
2015 09 04 2100 5 0 10
2015 09 05 0300 3 0 10
2015 09 05 0900 5 0 14
2015 09 05 1500 3 0 14
2015 09 05 2100 5 1 14
2015 09 06 0300 5 1 14
2015 09 06 0900 5 0 14
2015 09 06 1500 5 0 14
2015 09 06 2100 11 0 13
2015 09 07 0300 8 1 13
2015 09 07 0900 6 0 14
2015 09 07 1500 6 0 14
2015 09 07 2100 5 0 12
2015 09 08 0300 5 0 12
2015 09 08 0900 5 1 12
2015 09 08 1500 5 0 12
2015 09 08 2100 14 1 8
2015 09 09 0300 14 0 8
2015 09 09 0900 5 1 10
2015 09 09 1500 5 0 10
2015 09 09 2100 6 1 8
2015 09 10 0300 6 1 8
2015 09 10 0900 6 1 2
2015 09 10 1500 6 1 2
2015 09 10 2100 5 0 6
2015 09 11 0300 8 0 6
2015 09 11 1500 8 0 14
2015 09 11 2100 19 1 14
2015 09 12 0300 23 1 4
2015 09 12 0900 38 4 5
2015 09 12 1500 38 4 5
2015 09 12 2100 31 2 9
2015 09 13 0300 35 3 9
2015 09 13 0900 31 2 NaN
2015 09 13 1500 13 2 11
2015 09 13 2100 38 5 5
2015 09 14 0300 38 5 5
2015 09 14 0900 36 2 8
2015 09 14 1500 36 2 8
2015 09 14 2100 37 6 5
2015 09 15 0300 46 6 5
2015 09 15 0900 43 2 8
2015 09 15 1500 44 2 8
2015 09 15 2100 33 2 11
2015 09 16 0300 45 2 11
2015 09 16 0900 5 0 11
2015 09 16 1500 44 2 11
2015 09 16 2100 34 7 8
2015 09 17 0300 29 7 8
2015 09 17 0900 28 8 8
2015 09 17 1500 28 8 8
2015 09 17 2100 32 3 10
2015 09 18 0300 25 1 10
2015 09 18 0900 27 2 5
2015 09 18 1500 27 2 5
2015 09 18 2100 29 2 4
2015 09 19 0300 29 2 4
2015 09 19 0900 28 1 2
2015 09 19 1500 20 1 2
2015 09 19 2100 20 2 0
2015 09 20 0300 20 2 0
2015 09 20 0900 38 3 11
2015 09 20 1500 34 3 NaN
2015 09 20 2100 40 3 0
2015 09 21 0300 50 7 0
2015 09 21 0900 39 12 1
2015 09 21 1500 39 12 1
2015 09 21 2100 42 2 2
2015 09 22 0300 45 2 2
2015 09 22 0900 19 1 2
2015 09 22 1500 20 2 2
2015 09 22 2100 33 2 2
2015 09 23 0300 7 0 13
2015 09 23 0900 24 2 13
2015 09 23 1500 22 1 13
2015 09 23 2100 27 1 13
2015 09 24 0300 31 1 13
2015 09 24 0900 22 1 13
2015 09 24 1500 29 1 13
2015 09 24 2100 35 2 14
2015 09 25 0300 35 4 14
2015 09 25 0900 43 2 9
2015 09 25 1500 41 2 9
2015 09 25 2100 74 16 9
2015 09 26 0300 74 16 9
2015 09 26 0900 77 15 11
2015 09 26 1500 81 15 11
2015 09 26 2100 81 14 9
2015 09 27 0300 79 14 9
2015 09 27 0900 48 3 9
2015 09 27 1500 60 9 9
2015 09 27 2100 60 8 13
2015 09 28 0300 79 15 13
2015 09 28 0900 74 14 10
2015 09 28 1500 79 20 10
2015 09 28 2100 74 20 12
2015 09 29 0300 75 20 12
2015 09 29 0900 78 22 12
2015 09 29 1500 78 22 14
2015 09 29 2100 74 19 14
2015 09 30 0300 75 19 14
2015 09 30 0900 75 19 2
2015 09 30 1500 75 19 2
2015 09 30 2100 68 19 2
2015 10 01 0300 60 9 2
2015 10 01 0900 70 19 2
2015 10 01 1500 70 18 2
2015 10 01 2100 70 18 14
2015 10 02 0300 68 18 14
2015 10 02 0900 67 18 14
2015 10 02 1500 67 18 4
2015 10 02 2100 67 18 14
2015 10 03 0300 67 18 14
2015 10 03 0900 71 18 11
2015 10 03 1500 14 1 NaN
2015 10 03 2100 12 0 NaN
2015 10 04 0300 12 0 4
2015 10 04 0900 14 2 5
2015 10 04 1500 14 2 5
2015 10 04 2100 10 0 11
2015 10 05 0300 10 0 11
2015 10 05 0900 10 0 11
2015 10 05 1500 10 0 7
2015 10 05 2100 10 0 0
2015 10 06 0300 3 0 0
2015 10 06 0900 3 0 9
2015 10 06 1500 3 0 9
2015 10 06 2100 27 1 13
2015 10 07 0300 4 0 13
2015 10 07 0900 4 0 13
2015 10 07 1500 4 0 12
2015 10 07 2100 1 0 10
2015 10 08 0300 1 0 10
2015 10 08 0900 1 0 12
2015 10 08 1500 3 0 12
2015 10 08 2100 1 0 12
2015 10 09 0300 1 0 12
2015 10 09 0900 3 0 6
2015 10 09 1500 3 0 6
2015 10 09 2100 3 0 9
2015 10 10 0300 3 0 9
2015 10 10 0900 2 0 11
2015 10 10 1500 4 0 11
2015 10 10 2100 5 0 11
2015 10 11 0300 3 0 4
2015 10 11 0900 3 0 1
2015 10 11 1500 4 0 1
2015 10 11 2100 4 0 7
2015 10 12 0300 15 0 7
2015 10 12 0900 6 1 7
2015 10 12 1500 9 1 7
2015 10 12 2100 18 1 11
2015 10 13 0300 18 1 11
2015 10 13 0900 21 1 12
2015 10 13 1500 21 1 12
2015 10 13 2100 23 1 6
2015 10 14 0300 10 0 6
2015 10 14 0900 17 1 6
2015 10 14 1500 26 0 6
2015 10 14 2100 26 0 12
2015 10 15 0300 23 0 12
2015 10 15 0900 29 2 12
2015 10 15 1500 27 1 12
2015 10 15 2100 27 1 12
2015 10 16 0300 27 1 12
2015 10 16 0900 38 1 12
2015 10 16 1500 29 1 12
2015 10 16 2100 31 2 12
2015 10 17 0300 42 1 12
2015 10 17 0900 42 1 7
2015 10 17 1500 41 5 7
2015 10 17 2100 37 2 11
2015 10 18 0300 43 4 11
2015 10 18 0900 43 4 11
2015 10 18 1500 31 2 4
2015 10 18 2100 31 2 4
2015 10 19 0300 45 5 4
2015 10 19 0900 48 7 0
2015 10 19 1500 48 4 0
2015 10 19 2100 56 8 5
2015 10 20 0300 45 5 5
2015 10 20 0900 45 5 12
2015 10 20 1500 49 5 12
2015 10 20 2100 46 6 6
2015 10 21 0300 46 7 6
2015 10 21 0900 46 7 12
2015 10 21 1500 46 7 12
2015 10 21 2100 44 5 0
2015 10 22 0300 44 5 0
2015 10 22 0900 36 4 0
2015 10 22 1500 34 1 0
2015 10 22 2100 26 1 9
2015 10 23 0300 26 1 9
2015 10 23 0900 43 2 11
2015 10 23 1500 39 1 11
2015 10 23 2100 20 0 11
2015 10 24 0300 20 0 11
2015 10 24 0900 13 0 11
2015 10 24 1500 14 0 14
2015 10 24 2100 12 0 14
2015 10 25 0300 11 0 14
2015 10 25 0900 16 0 14
2015 10 25 1500 15 0 0
2015 10 25 2100 16 0 2
2015 10 26 0300 20 1 2
2015 10 26 0900 22 1 6
2015 10 26 1500 29 1 6
2015 10 26 2100 26 1 2
2015 10 27 0300 16 0 2
2015 10 27 0900 19 1 9
2015 10 27 1500 20 1 9
2015 10 27 2100 15 0 5
2015 10 28 0300 21 0 5
2015 10 28 0900 21 0 9
2015 10 28 1500 24 1 9
2015 10 28 2100 29 2 6
2015 10 29 0300 51 3 6
2015 10 29 0900 28 1 1
2015 10 29 1500 28 1 1
2015 10 29 2100 38 2 6
2015 10 30 0300 46 1 6
2015 10 30 0900 73 13 12
2015 10 30 1500 73 13 12
2015 10 30 2100 60 12 12
2015 10 31 0900 65 13 2
2015 10 31 1500 64 13 2
2015 10 31 2100 64 13 1
2015 11 01 0300 64 13 1
2015 11 01 0900 70 18 5
2015 11 01 1500 69 18 5
2015 11 01 2100 69 18 12
2015 11 02 0300 69 20 12
2015 11 02 0900 76 25 0
2015 11 02 1500 76 25 0
2015 11 02 2100 49 3 13
2015 11 03 0300 74 20 13
2015 11 03 0900 73 19 9
2015 11 03 1500 73 19 9
2015 11 03 2100 73 19 2
2015 11 04 0300 73 19 2
2015 11 04 0900 34 2 2
2015 11 04 2100 65 1 0
2015 11 05 0300 67 11 0
2015 11 05 0900 69 12 1
2015 11 05 1500 46 4 1
2015 11 05 2100 55 1 9
2015 11 06 0300 55 1 9
2015 11 06 0900 46 0 4
2015 11 06 1500 47 0 4
2015 11 06 2100 56 0 11
2015 11 07 0300 37 2 11
2015 11 07 0900 37 2 14
2015 11 07 1500 31 3 14
2015 11 07 2100 39 5 4
2015 11 08 0300 41 1 4
2015 11 08 0900 41 3 5
2015 11 08 1500 37 3 5
2015 11 08 2100 23 1 13
2015 11 09 0300 14 1 13
2015 11 09 0900 14 2 13
2015 11 09 1500 23 2 13
2015 11 09 2100 23 1 12
2015 11 10 0300 23 1 12
2015 11 10 0900 23 1 1
2015 11 10 1500 21 1 1
2015 11 10 2100 15 2 1
2015 11 11 0300 15 2 1
2015 11 11 0900 25 1 11
2015 11 11 1500 19 1 NaN
2015 11 11 2100 5 1 NaN
2015 11 12 0300 15 1 NaN
2015 11 12 0900 6 1 11
2015 11 12 1500 7 0 11
2015 11 12 2100 7 0 0
2015 11 13 0300 7 0 0
2015 11 13 0900 70 20 4
2015 11 13 1500 73 13 4
2015 11 13 2100 3 0 5
2015 11 14 0300 3 0 5
2015 11 14 0900 1 0 5
2015 11 14 1500 56 0 4
2015 11 14 2100 3 0 6
2015 11 15 0300 7 0 6
2015 11 15 0900 9 0 9
2015 11 15 1500 18 0 9
2015 11 15 2100 18 0 9
2015 11 16 0300 3 0 4
2015 11 16 0900 3 0 4
2015 11 16 1500 3 0 4
2015 11 16 2100 4 0 13
2015 11 17 0300 6 0 13
2015 11 17 0900 7 0 10
2015 11 17 1500 6 0 10
2015 11 17 2100 1 1 10
2015 11 18 0300 1 1 10
2015 11 18 0900 1 1 12
2015 11 18 1500 1 1 12
2015 11 18 2100 6 1 13
2015 11 19 0300 2 1 13
2015 11 19 0900 2 1 7
2015 11 19 1500 2 1 7
2015 11 19 2100 2 1 12
2015 11 20 0300 27 3 12
2015 11 20 0900 17 1 6
2015 11 20 1500 13 0 6
2015 11 20 2100 20 2 5
2015 11 21 0300 26 2 5
2015 11 21 0900 26 2 1
2015 11 21 1500 27 2 1
2015 11 21 2100 22 0 5
2015 11 22 0300 41 3 5
2015 11 22 0900 28 2 10
2015 11 22 1500 28 2 10
2015 11 22 2100 25 1 11
2015 11 23 0300 20 1 11
2015 11 23 0900 25 1 2
2015 11 23 1500 25 1 2
2015 11 23 2100 20 2 4
2015 11 24 0300 23 1 4
2015 11 24 0900 25 0 2
2015 11 24 1500 16 0 2
2015 11 24 2100 22 1 4
2015 11 25 0300 17 1 4
2015 11 25 0900 21 2 5
2015 11 25 1500 21 2 5
2015 11 25 2100 16 2 5
2015 11 26 0300 16 2 5
2015 11 26 0900 16 2 5
2015 11 26 1500 10 0 5
2015 11 26 2100 26 1 5
2015 11 27 0300 26 1 5
2015 11 27 0900 26 1 1
2015 11 27 1500 19 2 1
2015 11 27 2100 11 0 2
2015 11 28 0300 10 0 2
2015 11 28 0900 6 0 1
2015 11 28 1500 6 0 1
2015 11 28 2100 6 0 2
2015 11 29 0300 6 0 2
2015 11 29 0900 15 0 4
2015 11 29 1500 15 0 4
2015 11 29 2100 19 1 13
2015 11 30 0300 15 0 13
2015 11 30 0900 18 1 4
2015 11 30 1500 14 0 4
2015 11 30 2100 14 0 11
2015 12 01 0300 14 0 11
2015 12 01 0900 17 2 0
2015 12 01 1500 15 2 0
2015 12 01 2100 15 2 4
2015 12 02 0300 15 1 4
2015 12 02 0900 15 1 7
2015 12 02 1500 15 2 7
2015 12 02 2100 15 2 12
2015 12 03 0300 4 0 12
2015 12 03 0900 12 0 5
2015 12 03 1500 8 0 5
2015 12 03 2100 10 0 7
2015 12 04 0300 10 0 7
2015 12 04 0900 21 1 7
2015 12 04 1500 25 1 NaN
2015 12 04 2100 25 1 9
2015 12 05 0300 25 1 9
2015 12 05 0900 20 1 5
2015 12 05 1500 15 0 5
2015 12 05 2100 19 0 9
2015 12 06 0300 23 0 9
2015 12 06 0900 25 1 6
2015 12 06 1500 40 2 6
2015 12 06 2100 21 1 6
2015 12 07 0300 21 1 0
2015 12 07 0900 22 1 0
2015 12 07 1500 20 1 7
2015 12 07 2100 20 1 0
2015 12 08 0300 10 0 NaN
2015 12 08 0900 9 0 1
2015 12 08 1500 14 0 1
2015 12 08 2100 20 1 13
2015 12 09 0300 19 2 13
2015 12 09 0900 20 2 13
2015 12 09 1500 19 3 13
2015 12 09 2100 23 2 13
2015 12 10 0300 22 2 13
2015 12 10 0900 17 1 13
2015 12 10 1500 16 2 13
2015 12 10 2100 23 0 1
2015 12 11 0300 22 0 1
2015 12 11 0900 20 2 8
2015 12 11 1500 18 1 8
2015 12 11 2100 13 1 8
2015 12 12 0300 24 1 8
2015 12 12 0900 22 2 9
2015 12 12 1500 24 3 9
2015 12 12 2100 24 3 9
2015 12 13 0300 28 3 9
2015 12 13 0900 37 1 4
2015 12 13 1500 41 2 4
2015 12 13 2100 32 2 8
2015 12 14 0300 65 2 8
2015 12 14 0900 65 2 12
2015 12 14 1500 65 2 12
2015 12 14 2100 45 5 12
2015 12 15 0300 39 5 12
2015 12 15 0900 38 5 14
2015 12 15 1500 38 5 14
2015 12 15 2100 38 5 NaN
2015 12 16 0300 36 5 NaN
2015 12 16 0900 42 1 11
2015 12 16 1500 48 2 11
2015 12 16 2100 46 4 0
2015 12 17 0300 41 4 0
2015 12 17 0900 49 2 11
2015 12 17 1500 49 2 11
2015 12 17 2100 17 0 11
2015 12 18 0300 17 0 11
2015 12 18 0900 17 0 7
2015 12 18 1500 17 0 7
2015 12 18 2100 46 1 11
2015 12 19 0300 44 2 11
2015 12 19 0900 13 0 11
2015 12 19 1500 13 0 11
2015 12 19 2100 13 0 9
2015 12 20 0300 13 0 9
2015 12 20 0900 14 0 0
2015 12 20 1500 12 0 0
2015 12 20 2100 12 0 13
2015 12 21 0300 12 0 13
2015 12 21 0900 12 0 NaN
2015 12 21 1500 8 0 NaN
2015 12 21 2100 11 1 0
2015 12 22 0300 31 5 0
2015 12 22 0900 49 8 NaN
2015 12 22 1500 60 9 NaN
2015 12 22 2100 48 8 0
2015 12 23 0300 48 8 0
2015 12 23 0900 70 15 9
2015 12 23 1500 70 15 9
2015 12 23 2100 48 8 NaN
2015 12 24 0300 47 8 NaN
2015 12 24 0900 70 15 4
2015 12 24 1500 47 8 4
2015 12 24 2100 47 8 2
2015 12 25 0300 47 4 2
2015 12 25 0900 62 12 5
2015 12 25 1500 62 12 5
2015 12 25 2100 58 1 5
2015 12 26 0300 54 1 5
2015 12 26 0900 55 9 5
2015 12 26 1500 54 9 5
2015 12 26 2100 54 0 4
2015 12 27 0900 54 9 0
2015 12 27 1500 54 0 0
2015 12 27 2100 56 0 5
2015 12 28 0300 56 0 5
2015 12 28 0900 56 0 0
2015 12 28 1500 54 0 0
2015 12 28 2100 63 0 8
2015 12 29 0300 63 0 8
2015 12 29 0900 41 0 9
2015 12 29 1500 41 0 9
2015 12 29 2100 38 4 0
2015 12 30 0300 35 5 0
2015 12 30 0900 35 5 NaN
2015 12 30 1500 35 5 NaN
2015 12 30 2100 12 0 NaN
2015 12 31 0300 12 0 10
2015 12 31 0900 12 0 NaN
2015 12 31 1500 12 0 NaN
2015 12 31 2100 41 0 13
2016 01 01 0300 3 0 13
2016 01 01 0900 9 1 5
2016 01 01 1500 10 1 5
2016 01 01 2100 10 1 NaN
2016 01 02 0300 15 1 NaN
2016 01 02 0900 14 0 NaN
2016 01 02 1500 29 2 NaN
2016 01 02 2100 13 2 NaN
2016 01 03 0300 36 5 NaN
2016 01 03 0900 13 0 NaN
2016 01 03 1500 11 1 NaN
2016 01 03 2100 26 3 5
2016 01 04 0300 25 1 5
2016 01 04 0900 19 0 8
2016 01 04 1500 15 0 8
2016 01 04 2100 6 0 8
2016 01 05 0300 6 0 8
2016 01 05 0900 5 0 11
2016 01 05 1500 5 0 11
2016 01 05 2100 3 0 8
2016 01 06 0300 3 0 8
2016 01 06 0900 3 0 NaN
2016 01 06 1500 6 0 NaN
2016 01 06 2100 12 0 11
2016 01 07 0300 16 1 11
2016 01 07 0900 16 1 NaN
2016 01 07 1500 23 1 NaN
2016 01 07 2100 27 1 0
2016 01 08 0300 30 1 0
2016 01 08 0900 30 1 6
2016 01 08 1500 35 1 6
2016 01 08 2100 36 1 NaN
2016 01 09 0300 39 1 NaN
2016 01 09 0900 35 1 9
2016 01 09 1500 35 1 9
2016 01 09 2100 44 2 6
2016 01 10 0300 52 3 6
2016 01 10 0900 29 1 9
2016 01 10 1500 29 1 9
2016 01 10 2100 30 2 6
2016 01 11 0300 29 2 6
2016 01 11 0900 14 2 1
2016 01 11 1500 7 2 1
2016 01 11 2100 12 0 13
2016 01 12 0300 13 0 13
2016 01 12 0900 8 0 12
2016 01 12 1500 11 1 12
2016 01 12 2100 8 1 9
2016 01 13 0300 8 1 9
2016 01 13 0900 12 1 0
2016 01 13 1500 13 1 0
2016 01 13 2100 13 1 0
2016 01 14 0300 7 0 0
2016 01 14 0900 7 0 8
2016 01 14 1500 7 0 8
2016 01 14 2100 5 0 0
2016 01 15 0300 7 0 0
2016 01 15 0900 8 0 8
2016 01 15 1500 8 0 8
2016 01 15 2100 10 0 12
2016 01 16 0300 8 0 12
2016 01 16 0900 5 0 9
2016 01 16 1500 5 0 9
2016 01 16 2100 9 0 8
2016 01 17 0300 9 0 8
2016 01 17 0900 8 0 5
2016 01 17 1500 8 0 5
2016 01 17 2100 9 0 13
2016 01 18 0300 8 1 13
2016 01 18 0900 6 0 13
2016 01 18 1500 3 0 13
2016 01 18 2100 5 0 7
2016 01 19 0300 5 0 7
2016 01 19 0900 5 0 7
2016 01 19 1500 5 0 7
2016 01 19 2100 7 0 11
2016 01 20 0300 8 0 11
2016 01 20 0900 8 0 2
2016 01 20 1500 10 0 2
2016 01 20 2100 7 1 2
2016 01 21 0300 13 1 2
2016 01 21 0900 11 0 12
2016 01 21 1500 11 0 12
2016 01 21 2100 10 0 2
2016 01 22 0300 10 0 2
2016 01 22 0900 20 1 4
2016 01 22 1500 20 1 4
2016 01 22 2100 20 2 0
2016 01 23 0300 20 2 0
2016 01 23 0900 17 1 4
2016 01 23 1500 16 1 4
2016 01 23 2100 15 1 12
2016 01 24 0300 15 0 12
2016 01 24 0900 25 1 9
2016 01 24 1500 25 1 9
2016 01 24 2100 18 0 4
2016 01 25 0300 0 0 4
2016 01 25 0900 45 3 9
2016 01 25 1500 48 3 9
2016 01 25 2100 48 3 13
2016 01 26 0300 28 2 13
2016 01 26 0900 19 1 13
2016 01 26 1500 17 2 13
2016 01 26 2100 31 2 9
2016 01 27 0300 31 2 9
2016 01 27 0900 31 2 12
2016 01 27 1500 33 1 12
2016 01 27 2100 31 2 11
2016 01 28 0300 35 3 11
2016 01 28 0900 33 4 NaN
2016 01 28 1500 34 4 NaN
2016 01 28 2100 22 1 2
2016 01 29 0300 26 1 2
2016 01 29 0900 26 1 8
2016 01 29 1500 25 1 8
2016 01 29 2100 25 2 NaN
2016 01 30 0300 20 2 NaN
2016 01 30 0900 18 2 7
2016 01 30 1500 16 2 7
2016 01 30 2100 16 1 NaN
2016 01 31 0300 10 1 NaN
2016 01 31 0900 7 1 NaN
2016 01 31 1500 7 1 NaN
2016 01 31 2100 7 1 12
2016 02 01 0300 7 1 12
2016 02 01 0900 8 1 NaN
2016 02 01 1500 8 1 NaN
2016 02 01 2100 9 1 13
2016 02 02 0300 12 1 13
2016 02 02 0900 13 1 NaN
2016 02 02 1500 18 1 NaN
2016 02 02 2100 19 1 NaN
2016 02 03 0300 21 1 7
2016 02 03 0900 17 2 7
2016 02 03 1500 18 2 7
2016 02 03 2100 28 2 NaN
2016 02 04 0300 33 2 NaN
2016 02 04 0900 34 2 12
2016 02 04 1500 50 4 12
2016 02 04 2100 40 4 NaN
2016 02 05 0300 40 4 NaN
2016 02 05 0900 78 22 4
2016 02 05 1500 9 1 4
2016 02 05 2100 18 1 4
2016 02 06 0300 16 1 4
2016 02 06 0900 18 1 4
2016 02 06 1500 22 1 4
2016 02 06 2100 28 2 NaN
2016 02 07 0300 29 2 NaN
2016 02 07 0900 34 3 8
2016 02 07 1500 33 3 8
2016 02 07 2100 17 2 13
2016 02 08 0300 49 3 13
2016 02 08 0900 20 1 9
2016 02 08 1500 22 1 9
2016 02 08 2100 23 1 8
2016 02 09 0300 32 2 8
2016 02 09 0900 24 2 9
2016 02 09 1500 24 3 9
2016 02 09 2100 31 2 13
2016 02 10 0300 45 5 13
2016 02 10 0900 45 5 12
2016 02 10 1500 47 4 12
2016 02 10 2100 45 4 NaN
2016 02 11 0300 44 4 NaN
2016 02 11 0900 47 4 12
2016 02 11 1500 47 4 12
2016 02 11 2100 40 5 0
2016 02 12 0300 38 5 0
2016 02 12 0900 36 5 0
2016 02 12 1500 36 5 0
2016 02 12 2100 38 5 12
2016 02 13 0300 36 5 12
2016 02 13 0900 36 5 12
2016 02 13 1500 35 5 2
2016 02 13 2100 35 5 2
2016 02 14 0300 35 5 2
2016 02 14 0900 35 5 5
2016 02 14 1500 36 5 5
2016 02 14 2100 36 5 2
2016 02 15 0300 36 5 2
2016 02 15 0900 36 5 5
2016 02 15 1500 36 5 5
2016 02 15 2100 36 5 6
2016 02 16 0300 36 5 6
2016 02 16 0900 36 5 0
2016 02 16 1500 36 5 0
2016 02 16 2100 36 5 14
2016 02 17 0300 36 5 14
2016 02 17 0900 36 5 0
2016 02 17 1500 37 5 0
2016 02 17 2100 37 5 14
2016 02 18 0300 37 5 14
2016 02 18 0900 3 1 14
2016 02 18 1500 3 1 14
2016 02 18 2100 6 0 0
2016 02 19 0300 5 0 0
2016 02 19 0900 5 1 0
2016 02 19 1500 5 1 0
2016 02 19 2100 5 1 9
2016 02 20 0300 6 1 9
2016 02 20 0900 17 2 6
2016 02 20 1500 22 2 6
2016 02 20 2100 22 2 2
2016 02 21 0300 17 1 2
2016 02 21 0900 16 1 6
2016 02 21 1500 8 1 6
2016 02 21 2100 11 0 6
2016 02 22 0300 11 0 6
2016 02 22 0900 9 0 6
2016 02 22 1500 9 0 5
2016 02 22 2100 13 1 13
2016 02 23 0300 47 4 NaN
2016 02 23 0900 9 0 11
2016 02 23 1500 9 0 11
2016 02 23 2100 9 0 7
2016 02 24 0300 9 0 13
2016 02 24 0900 12 0 9
2016 02 24 1500 12 0 9
2016 02 24 2100 8 0 9
2016 02 25 0300 8 0 11
2016 02 25 0900 8 0 9
2016 02 25 1500 8 0 9
2016 02 25 2100 9 1 4
2016 02 26 0300 12 1 4
2016 02 26 0900 8 1 4
2016 02 26 1500 7 1 2
2016 02 26 2100 16 1 9
2016 02 27 0300 15 1 9
2016 02 27 0900 15 2 5
2016 02 27 1500 16 2 5
2016 02 27 2100 16 2 0
2016 02 28 0300 15 2 0
2016 02 28 0900 11 0 5
2016 02 28 1500 11 0 5
2016 02 28 2100 10 1 10
2016 02 29 0300 10 1 10
2016 02 29 0900 9 1 6
2016 02 29 1500 15 1 6
2016 02 29 2100 17 1 13
2016 03 01 0300 41 1 13
2016 03 01 0900 23 0 14
2016 03 01 1500 24 0 14
2016 03 01 2100 18 0 0
2016 03 02 0300 18 1 0
2016 03 02 0900 17 1 11
2016 03 02 1500 19 1 11
2016 03 02 2100 20 0 5
2016 03 03 0300 14 0 5
2016 03 03 0900 13 0 0
2016 03 03 1500 14 0 0
2016 03 03 2100 12 0 14
2016 03 04 0300 15 0 14
2016 03 04 0900 24 0 0
2016 03 04 1500 21 1 0
2016 03 04 2100 24 1 11
2016 03 05 0300 24 1 11
2016 03 05 0900 11 1 2
2016 03 05 1500 12 1 2
2016 03 05 2100 9 0 0
2016 03 06 0300 8 0 0
2016 03 06 0900 8 0 0
2016 03 06 1500 9 0 7
2016 03 06 2100 8 1 13
2016 03 07 0300 45 5 13
2016 03 07 0900 8 0 NaN
2016 03 07 1500 8 0 NaN
2016 03 07 2100 5 1 NaN
2016 03 08 0300 5 1 NaN
2016 03 08 0900 8 0 NaN
2016 03 08 1500 7 0 NaN
2016 03 08 2100 9 0 9
2016 03 09 0300 13 0 9
2016 03 09 0900 19 0 5
2016 03 09 1500 24 0 5
2016 03 09 2100 19 0 NaN
2016 03 10 0300 20 0 NaN
2016 03 10 0900 12 0 11
2016 03 10 1500 12 1 11
2016 03 10 2100 15 1 NaN
2016 03 11 0300 7 0 NaN
2016 03 11 0900 4 0 6
2016 03 11 1500 5 0 6
2016 03 11 2100 6 0 0
2016 03 12 0300 6 0 0
2016 03 12 0900 6 0 12
2016 03 12 1500 6 0 12
2016 03 12 2100 6 0 7
2016 03 13 0300 6 0 7
2016 03 13 0900 12 1 10
2016 03 13 1500 12 1 10
2016 03 13 2100 14 1 12
2016 03 14 0300 10 1 12
2016 03 14 0900 6 0 12
2016 03 14 1500 6 0 12
2016 03 14 2100 10 0 13
2016 03 15 0300 13 1 13
2016 03 15 0900 2 2 5
2016 03 15 1500 8 1 5
2016 03 15 2100 10 1 10
2016 03 16 0300 6 1 10
2016 03 16 0900 6 1 7
2016 03 16 1500 9 1 7
2016 03 16 2100 15 1 1
2016 03 17 0300 15 1 1
2016 03 17 0900 15 1 9
2016 03 17 1500 11 1 9
2016 03 17 2100 10 0 12
2016 03 18 0300 8 0 12
2016 03 18 0900 8 0 9
2016 03 18 1500 8 0 9
2016 03 18 2100 8 0 7
2016 03 19 0300 8 0 7
2016 03 19 0900 8 0 10
2016 03 19 1500 8 0 10
2016 03 19 2100 8 0 9
2016 03 20 0300 8 0 9
2016 03 20 0900 8 0 9
2016 03 20 1500 8 0 9
2016 03 20 2100 14 0 13
2016 03 21 0300 8 0 13
2016 03 21 0900 14 0 8
2016 03 21 1500 14 0 8
2016 03 21 2100 13 0 11
2016 03 22 0300 12 0 11
2016 03 22 0900 6 0 11
2016 03 22 1500 6 0 11
2016 03 22 2100 6 0 11
2016 03 23 0300 6 0 11
2016 03 23 0900 6 0 2
2016 03 23 1500 6 0 2
2016 03 23 2100 6 0 8
2016 03 24 0300 6 0 8
2016 03 24 0900 8 0 0
2016 03 24 1500 8 0 0
2016 03 24 2100 8 0 2
2016 03 25 0300 8 0 2
2016 03 25 0900 12 1 0
2016 03 25 1500 12 1 0
2016 03 25 2100 12 1 6
2016 03 26 0300 12 1 6
2016 03 26 0900 12 1 5
2016 03 26 1500 8 1 5
2016 03 26 2100 7 1 0
2016 03 27 0300 8 1 0
2016 03 27 0900 8 1 5
2016 03 27 1500 8 1 5
2016 03 27 2100 8 1 0
2016 03 28 0300 8 1 0
2016 03 28 0900 8 1 NaN
2016 03 28 1500 7 1 NaN
2016 03 28 2100 7 1 5
2016 03 29 0300 5 1 5
2016 03 29 0900 5 1 NaN
2016 03 29 1500 5 1 NaN
2016 03 29 2100 6 1 8
2016 03 30 0300 6 1 8
2016 03 30 0900 6 1 12
2016 03 30 1500 6 1 12
2016 03 30 2100 6 1 NaN
2016 03 31 0300 6 1 NaN
2016 03 31 0900 6 1 NaN
2016 03 31 1500 6 1 NaN
2016 03 31 2100 6 1 12
2016 04 01 0300 6 1 12
2016 04 01 0900 6 1 9
2016 04 01 1500 6 1 9
2016 04 01 2100 6 1 7
2016 04 02 0300 6 1 7
2016 04 02 0900 6 1 9
2016 04 02 1500 6 1 9
2016 04 02 2100 6 1 6
2016 04 03 0300 6 1 6
2016 04 03 0900 6 1 NaN
2016 04 03 1500 12 1 NaN
2016 04 03 2100 12 1 9
2016 04 04 0300 10 1 9
2016 04 04 1500 9 1 0
2016 04 04 2100 8 1 NaN
2016 04 05 0300 8 1 NaN
2016 04 05 0900 9 1 NaN
2016 04 05 1500 4 0 0
2016 04 05 2100 4 0 2
2016 04 06 0300 3 0 2
2016 04 06 0900 3 0 2
2016 04 06 1500 5 0 2
2016 04 06 2100 6 0 0
2016 04 07 0300 2 0 0
2016 04 07 0900 2 0 5
2016 04 07 1500 8 1 5
2016 04 07 2100 8 1 7
2016 04 08 0300 8 1 7
2016 04 08 0900 11 0 7
2016 04 08 1500 11 0 7
2016 04 08 2100 39 1 NaN
2016 04 09 0300 39 1 NaN
2016 04 09 0900 13 0 NaN
2016 04 09 1500 39 5 NaN
2016 04 09 2100 37 1 8
2016 04 10 0300 37 1 8
2016 04 10 0900 37 1 6
2016 04 10 1500 38 1 6
2016 04 10 2100 39 1 6
2016 04 11 0300 39 1 6
2016 04 11 0900 38 4 0
2016 04 11 1500 38 4 0
2016 04 11 2100 38 1 2
2016 04 12 0300 38 1 2
2016 04 12 0900 38 4 NaN
2016 04 12 1500 38 4 NaN
2016 04 12 2100 38 1 2
2016 04 13 0300 38 1 2
2016 04 13 0900 14 0 8
2016 04 13 1500 14 0 8
2016 04 13 2100 14 0 5
2016 04 14 0900 13 0 8
2016 04 14 1500 14 0 8
2016 04 14 2100 14 0 NaN
2016 04 15 0300 13 0 NaN
2016 04 15 0900 39 5 10
2016 04 15 1500 39 4 10
2016 04 15 2100 37 4 7
2016 04 16 0300 38 4 7
2016 04 16 0900 36 1 6
2016 04 16 1500 36 1 6
2016 04 16 2100 36 1 8
2016 04 17 0300 36 1 8
2016 04 17 0900 36 1 2
2016 04 17 1500 36 1 2
2016 04 17 2100 36 1 8
2016 04 18 0300 42 1 8
2016 04 18 0900 23 0 0
2016 04 18 1500 13 2 0
2016 04 18 2100 16 1 13
2016 04 19 0300 21 1 13
2016 04 19 0900 21 1 13
2016 04 19 1500 21 1 13
2016 04 19 2100 13 1 2
2016 04 20 0300 5 0 2
2016 04 20 0900 15 1 9
2016 04 20 1500 15 1 9
2016 04 20 2100 4 0 0
2016 04 21 0300 4 0 0
2016 04 21 0900 4 0 12
2016 04 21 1500 4 0 12
2016 04 21 2100 3 0 NaN
2016 04 22 0300 3 0 NaN
2016 04 22 0900 2 0 12
2016 04 22 1500 2 0 12
2016 04 22 2100 2 0 9
2016 04 23 0300 2 0 9
2016 04 23 0900 2 0 9
2016 04 23 1500 4 0 9
2016 04 23 2100 4 0 9
2016 04 24 0300 13 2 9
2016 04 24 0900 15 0 5
2016 04 24 1500 9 0 5
2016 04 24 2100 9 0 12
2016 04 25 0300 9 0 12
2016 04 25 0900 8 0 5
2016 04 25 1500 10 0 5
2016 04 25 2100 50 7 13
2016 04 26 0300 0 0 13
2016 04 26 0900 8 0 NaN
2016 04 26 1500 10 0 NaN
2016 04 26 2100 10 1 11
2016 04 27 0300 14 1 11
2016 04 27 0900 15 0 NaN
2016 04 27 1500 15 0 NaN
2016 04 27 2100 22 2 5
2016 04 28 0300 11 1 5
2016 04 28 0900 21 1 0
2016 04 28 1500 28 2 0
2016 04 28 2100 27 2 NaN
2016 04 29 0300 25 2 NaN
2016 04 29 0900 25 2 NaN
2016 04 29 1500 26 2 12
2016 04 29 2100 22 2 NaN
2016 04 30 0300 21 2 NaN
2016 04 30 0900 20 1 2
2016 04 30 1500 24 1 2
2016 04 30 2100 24 2 0
2016 05 01 0300 28 3 0
2016 05 01 0900 28 2 2
2016 05 01 1500 28 2 2
2016 05 01 2100 28 2 13
2016 05 02 0300 36 5 13
2016 05 02 0900 37 3 13
2016 05 02 1500 31 1 13
2016 05 02 2100 29 0 5
2016 05 03 0300 29 0 5
2016 05 03 0900 23 1 1
2016 05 03 1500 23 1 1
2016 05 03 2100 23 1 12
2016 05 04 0300 31 1 12
2016 05 04 0900 23 2 0
2016 05 04 1500 15 0 0
2016 05 04 2100 10 0 1
2016 05 05 0300 10 0 1
2016 05 05 0900 20 2 NaN
2016 05 05 1500 19 2 NaN
2016 05 05 2100 19 2 2
2016 05 06 0300 13 1 2
2016 05 06 0900 13 1 NaN
2016 05 06 1500 19 0 NaN
2016 05 06 2100 10 1 6
2016 05 07 0300 3 1 6
2016 05 07 0900 5 0 NaN
2016 05 07 1500 4 0 NaN
2016 05 07 2100 5 0 0
2016 05 08 0300 5 0 0
2016 05 08 0900 45 5 4
2016 05 08 1500 13 0 4
2016 05 08 2100 15 0 13
2016 05 09 0300 15 0 13
2016 05 09 0900 14 0 8
2016 05 09 1500 13 0 8
2016 05 09 2100 17 1 4
2016 05 10 0300 64 1 4
2016 05 10 0900 24 0 9
2016 05 10 1500 30 1 9
2016 05 10 2100 22 0 4
2016 05 11 0300 20 0 4
2016 05 11 0900 12 0 1
2016 05 11 1500 12 0 1
2016 05 11 2100 12 0 12
2016 05 12 0300 18 0 12
2016 05 12 0900 25 2 12
2016 05 12 1500 25 2 0
2016 05 12 2100 25 2 12
2016 05 13 0300 31 2 12
2016 05 13 0900 27 2 0
2016 05 13 1500 25 2 0
2016 05 13 2100 25 2 14
2016 05 14 0300 30 2 14
2016 05 14 0900 24 1 4
2016 05 14 1500 30 1 4
2016 05 14 2100 47 3 8
2016 05 15 0300 41 3 8
2016 05 15 0900 33 4 8
2016 05 15 1500 33 4 8
2016 05 15 2100 33 3 NaN
2016 05 16 0300 24 3 NaN
2016 05 16 0900 24 3 NaN
2016 05 16 1500 24 3 NaN
2016 05 16 2100 17 1 4
2016 05 17 0300 46 7 4
2016 05 17 0900 5 1 0
2016 05 17 1500 19 0 0
2016 05 17 2100 30 2 9
2016 05 18 0300 56 0 9
2016 05 18 0900 21 1 0
2016 05 18 1500 15 2 0
2016 05 18 2100 48 3 5
2016 05 19 0300 75 20 5
2016 05 19 0900 9 1 NaN
2016 05 19 1500 0 0 NaN
2016 05 19 2100 28 1 NaN
2016 05 20 0300 12 1 NaN
2016 05 20 0900 8 0 12
2016 05 20 1500 10 0 12
2016 05 20 2100 14 0 14
2016 05 21 0300 12 1 14
2016 05 21 0900 8 0 9
2016 05 21 1500 5 0 9
2016 05 21 2100 11 0 2
2016 05 22 0300 38 5 2
2016 05 22 0900 13 0 2
2016 05 22 1500 5 1 2
2016 05 22 2100 5 1 NaN
2016 05 23 0300 5 1 NaN
2016 05 23 0900 6 1 NaN
2016 05 23 1500 5 1 NaN
2016 05 23 2100 5 1 13
2016 05 24 0300 5 1 13
2016 05 24 0900 7 1 13
2016 05 24 1500 7 1 13
2016 05 24 2100 9 1 NaN
2016 05 25 0300 16 1 NaN
2016 05 25 0900 19 2 6
2016 05 25 1500 9 1 6
2016 05 25 2100 9 1 NaN
2016 05 26 0300 9 1 NaN
2016 05 26 0900 8 1 6
2016 05 26 1500 13 1 6
2016 05 26 2100 10 1 7
2016 05 27 0300 4 1 7
2016 05 27 0900 11 0 14
2016 05 27 1500 10 0 14
2016 05 27 2100 6 0 7
2016 05 28 0300 8 0 7
2016 05 28 0900 3 0 9
2016 05 28 1500 6 0 9
2016 05 28 2100 8 1 6
2016 05 29 0300 4 0 6
2016 05 29 0900 4 1 9
2016 05 29 1500 4 1 9
2016 05 29 2100 3 1 5
2016 05 30 0300 6 0 5
2016 05 30 0900 6 0 0
2016 05 30 1500 4 0 0
2016 05 30 2100 11 0 5
2016 05 31 0300 4 0 5
2016 05 31 0900 5 0 0
2016 05 31 1500 15 0 0
2016 05 31 2100 6 0 9
2016 06 01 0300 6 0 9
2016 06 01 0900 7 0 7
2016 06 01 1500 7 0 7
2016 06 01 2100 4 0 NaN
2016 06 02 0300 2 0 NaN
2016 06 02 0900 2 0 NaN
2016 06 02 1500 1 0 7
2016 06 02 2100 3 0 0
2016 06 03 0300 1 0 0
2016 06 03 0900 0 0 0
2016 06 03 1500 0 0 14
2016 06 03 2100 0 0 7
2016 06 04 0300 0 0 7
2016 06 04 0900 0 0 1
2016 06 04 1500 0 0 1
2016 06 04 2100 0 0 6
2016 06 05 0300 0 0 6
2016 06 05 0900 0 0 5
2016 06 05 1500 0 0 5
2016 06 05 2100 0 0 13
2016 06 06 0300 0 0 13
2016 06 06 0900 0 0 1
2016 06 06 1500 0 0 1
2016 06 06 2100 0 0 13
2016 06 07 0300 0 0 13
2016 06 07 0900 0 0 4
2016 06 07 1500 21 1 4
2016 06 07 2100 4 1 4
2016 06 08 0300 12 2 1
2016 06 08 0900 6 0 4
2016 06 08 1500 5 0 4
2016 06 08 2100 5 0 0
2016 06 09 0300 6 0 0
2016 06 09 0900 6 0 14
2016 06 09 1500 14 2 14
2016 06 09 2100 14 2 7
2016 06 10 0300 12 2 7
2016 06 10 0900 19 3 5
2016 06 10 1500 19 3 5
2016 06 10 2100 17 1 4
2016 06 11 0300 17 1 4
2016 06 11 0900 18 1 2
2016 06 11 1500 21 1 2
2016 06 11 2100 12 1 9
2016 06 12 0300 12 1 9
2016 06 12 0900 22 1 2
2016 06 12 1500 28 2 2
2016 06 12 2100 65 1 13
2016 06 13 0300 5 0 13
2016 06 13 0900 11 1 10
2016 06 13 1500 11 1 10
2016 06 13 2100 11 1 5
2016 06 14 0300 11 1 5
2016 06 14 0900 8 1 5
2016 06 14 1500 8 1 5
2016 06 14 2100 10 1 7
2016 06 15 0300 11 1 7
2016 06 15 0900 12 1 9
2016 06 15 1500 12 1 9
2016 06 15 2100 8 1 9
2016 06 16 0300 6 1 9
2016 06 16 0900 6 1 9
2016 06 16 1500 10 1 9
2016 06 16 2100 10 1 8
2016 06 17 0300 11 1 8
2016 06 17 0900 9 1 NaN
2016 06 17 1500 9 1 NaN
2016 06 17 2100 14 2 8
2016 06 18 0300 11 1 8
2016 06 18 0900 14 1 NaN
2016 06 18 1500 13 1 NaN
2016 06 18 2100 49 5 4
2016 06 19 0300 36 1 4
2016 06 19 0900 11 1 0
2016 06 19 1500 11 1 0
2016 06 19 2100 10 1 7
2016 06 20 0300 10 1 7
2016 06 20 0900 9 1 0
2016 06 20 1500 9 1 0
2016 06 20 2100 8 1 NaN
2016 06 21 0300 8 1 NaN
2016 06 21 0900 8 1 NaN
2016 06 21 1500 8 1 NaN
2016 06 21 2100 7 1 0
2016 06 22 0300 7 1 0
2016 06 22 0900 4 1 0
2016 06 22 1500 4 1 0
2016 06 22 2100 3 1 0
2016 06 23 0300 1 0 0
2016 06 23 0900 1 0 2
2016 06 23 1500 0 0 2
2016 06 23 2100 0 0 8
2016 06 24 0300 0 0 8
2016 06 24 0900 0 0 8
2016 06 24 1500 0 0 7
2016 06 24 2100 0 0 2
2016 06 25 0300 0 0 2
2016 06 25 0900 0 0 NaN
2016 06 25 1500 0 0 NaN
2016 06 25 2100 0 0 NaN
2016 06 26 0300 0 0 NaN
2016 06 26 0900 0 0 0
2016 06 26 1500 0 0 0
2016 06 26 2100 0 0 13
2016 06 27 0300 0 0 13
2016 06 27 0900 0 0 9
2016 06 27 1500 0 0 9
2016 06 27 2100 0 0 NaN
2016 06 28 0300 0 0 NaN
2016 06 28 0900 0 0 NaN
2016 06 28 1500 0 0 NaN
2016 06 28 2100 0 0 6
2016 06 29 0300 1 1 6
2016 06 29 0900 1 1 6
2016 06 29 1500 1 1 6
2016 06 29 2100 1 1 NaN
2016 06 30 0300 1 1 NaN
2016 06 30 0900 1 1 10
2016 06 30 1500 1 1 10
2016 06 30 2100 1 1 5
2016 07 01 0300 1 1 5
2016 07 01 0900 1 1 1
2016 07 01 1500 1 1 1
2016 07 01 2100 1 1 5
2016 07 02 0300 1 1 5
2016 07 02 0900 1 1 9
2016 07 02 1500 1 1 9
2016 07 02 2100 0 0 14
2016 07 03 0300 0 0 14
2016 07 03 0900 0 0 NaN
2016 07 03 1500 0 0 NaN
2016 07 03 2100 0 0 13
2016 07 04 0300 0 0 13
2016 07 04 0900 1 0 0
2016 07 04 1500 1 0 0
2016 07 04 2100 1 0 0
2016 07 05 0300 1 0 0
2016 07 05 0900 1 0 0
2016 07 05 1500 2 0 0
2016 07 05 2100 2 0 NaN
2016 07 06 0300 1 0 NaN
2016 07 06 0900 1 0 NaN
2016 07 06 1500 2 0 NaN
2016 07 06 2100 2 0 NaN
2016 07 07 0300 1 0 0
2016 07 07 0900 5 0 NaN
2016 07 07 1500 5 0 NaN
2016 07 07 2100 7 1 8
2016 07 08 0300 7 1 8
2016 07 08 0900 5 0 8
2016 07 08 1500 6 0 14
2016 07 08 2100 23 3 5
2016 07 09 0300 23 3 5
2016 07 09 0900 6 1 5
2016 07 09 1500 6 1 5
2016 07 09 2100 10 1 NaN
2016 07 10 0300 25 1 NaN
2016 07 10 0900 18 1 NaN
2016 07 10 1500 18 1 NaN
2016 07 10 2100 19 1 NaN
2016 07 11 0300 21 1 NaN
2016 07 11 0900 9 0 4
2016 07 11 1500 11 0 4
2016 07 11 2100 11 0 13
2016 07 12 0300 12 1 13
2016 07 12 0900 19 1 4
2016 07 12 1500 16 0 4
2016 07 12 2100 8 1 4
2016 07 13 0300 8 1 4
2016 07 13 0900 9 0 0
2016 07 13 1500 9 1 0
2016 07 13 2100 8 1 0
2016 07 14 0300 8 1 0
2016 07 14 0900 7 1 0
2016 07 14 1500 7 1 0
2016 07 14 2100 7 1 4
2016 07 15 0300 6 1 4
2016 07 15 0900 18 1 NaN
2016 07 15 1500 11 0 NaN
2016 07 15 2100 16 1 0
