2014 01 01 00 00 60 60 60 15 15 15
2014 01 02 00 00 70 70 70 30 30 30
2014 01 03 00 00 75 75 75 30 30 30
2014 01 04 00 00 75 75 75 30 30 30
2014 01 05 00 00 75 75 75 30 30 30
2014 01 06 00 00 75 75 75 30 30 30
2014 01 07 00 00 75 75 75 30 30 30
2014 01 08 00 00 80 80 80 50 50 50
2014 01 09 00 00 80 80 80 50 50 50
2014 01 10 00 00 75 75 75 35 35 35
2014 01 11 00 00 75 75 75 35 35 35
2014 01 12 00 00 75 75 75 35 35 35
2014 01 13 00 00 50 50 10 15 15 01
2014 01 14 00 00 50 10 10 15 01 01
2014 01 15 00 00 25 10 10 10 01 01
2014 01 16 00 00 05 05 05 01 01 01
2014 01 17 00 00 01 01 01 01 01 01
2014 01 18 00 00 30 30 30 01 01 01
2014 01 19 00 00 30 30 30 05 05 05
2014 01 20 00 00 10 10 10 01 01 01
2014 01 21 00 00 30 30 30 01 01 01
2014 01 22 00 00 30 30 30 01 01 01
2014 01 23 00 00 30 30 30 01 01 01
2014 01 24 00 00 15 15 15 01 01 01
2014 01 25 00 00 15 15 15 01 01 01
2014 01 26 00 00 20 20 35 01 01 05
2014 01 27 00 00 20 35 35 01 05 05
2014 01 28 00 00 50 50 50 05 05 05
2014 01 29 00 00 60 60 60 10 10 10
2014 01 30 00 00 60 60 60 10 10 10
2014 01 31 00 00 60 60 60 10 10 10
2014 02 01 00 00 70 70 70 30 30 30
2014 02 02 00 00 75 60 60 15 15 15
2014 02 03 00 00 80 80 80 50 50 50
2014 02 04 00 00 80 80 80 50 50 50
2014 02 05 00 00 80 80 80 50 50 50
2014 02 06 00 00 80 80 80 25 25 25
2014 02 07 00 00 60 60 60 20 20 20
2014 02 08 00 00 60 60 40 20 20 10
2014 02 09 00 00 60 40 10 20 05 01
2014 02 10 00 00 40 30 30 05 05 05
2014 02 11 00 00 30 30 30 05 05 05
2014 02 12 00 00 45 45 45 10 10 10
2014 02 13 00 00 60 60 60 10 10 10
2014 02 14 00 00 60 60 60 10 10 10
2014 02 15 00 00 75 75 75 15 15 15
2014 02 16 00 00 60 60 45 05 05 05
2014 02 17 00 00 60 45 35 05 05 05
2014 02 18 00 00 60 45 35 05 05 05
2014 02 19 00 00 45 35 40 05 05 05
2014 02 20 00 00 30 35 40 05 05 05
2014 02 21 00 00 35 40 40 05 05 05
2014 02 22 00 00 40 50 50 05 05 05
2014 02 23 00 00 50 50 50 05 05 05
2014 02 24 00 00 50 50 50 05 05 05
2014 02 25 00 00 60 60 60 10 10 10
2014 02 26 00 00 70 70 70 30 30 30
2014 02 27 00 00 70 70 70 30 30 30
2014 02 28 00 00 70 70 70 30 30 30
2014 03 01 00 00 55 55 55 10 10 10
2014 03 02 00 00 70 70 70 30 30 30
2014 03 03 00 00 70 70 70 25 25 25
2014 03 04 00 00 60 60 60 15 15 15
2014 03 05 00 00 60 60 60 10 10 10
2014 03 06 00 00 60 60 60 05 05 05
2014 03 07 00 00 30 30 30 01 01 01
2014 03 08 00 00 30 30 30 05 05 05
2014 03 09 00 00 30 30 30 05 05 05
2014 03 10 00 00 50 50 50 05 05 05
2014 03 11 00 00 60 60 60 10 10 10
2014 03 12 00 00 75 75 75 15 15 15
2014 03 13 00 00 80 80 80 15 15 15
2014 03 14 00 00 80 80 80 15 15 15
2014 03 15 00 00 70 70 70 10 10 10
2014 03 16 00 00 60 60 60 10 10 10
2014 03 17 00 00 50 50 50 10 10 10
2014 03 18 00 00 35 35 35 05 05 05
2014 03 19 00 00 40 40 30 01 01 01
2014 03 20 00 00 40 30 30 01 01 01
2014 03 21 00 00 45 45 45 01 01 01
2014 03 22 00 00 45 45 45 05 05 05
2014 03 23 00 00 45 45 45 05 05 05
2014 03 24 00 00 45 45 45 05 05 05
2014 03 25 00 00 45 45 45 05 05 05
2014 03 26 00 00 35 35 35 01 01 01
2014 03 27 00 00 25 25 25 01 01 01
2014 03 28 00 00 20 20 20 01 01 01
2014 03 29 00 00 20 20 20 01 01 01
2014 03 30 00 00 55 55 55 20 20 20
2014 03 31 00 00 55 55 55 20 20 20
2014 04 01 00 00 20 20 20 01 01 01
2014 04 02 00 00 40 40 40 05 05 05
2014 04 03 00 00 40 40 40 05 05 05
2014 04 04 00 00 40 40 40 05 05 05
2014 04 05 00 00 50 50 50 05 05 05
2014 04 06 00 00 40 40 40 05 05 05
2014 04 07 00 00 30 30 20 01 01 01
2014 04 08 00 00 25 25 25 01 01 01
2014 04 09 00 00 25 25 25 01 01 01
2014 04 10 00 00 20 20 20 01 01 01
2014 04 11 00 00 25 25 25 01 01 01
2014 04 12 00 00 35 35 35 05 05 05
2014 04 13 00 00 35 40 45 05 05 05
2014 04 14 00 00 35 40 45 05 05 05
2014 04 15 00 00 35 35 35 05 05 05
2014 04 16 00 00 50 50 50 05 05 05
2014 04 17 00 00 60 60 60 10 10 10
2014 04 18 00 00 60 60 60 10 10 10
2014 04 19 00 00 60 60 60 10 10 10
2014 04 20 00 00 55 50 50 10 05 05
2014 04 21 00 00 55 50 50 10 05 05
2014 04 22 00 00 50 40 30 10 05 01
2014 04 23 00 00 50 40 30 05 01 01
2014 04 24 00 00 40 30 25 01 01 01
2014 04 25 00 00 25 25 15 01 01 01
2014 04 26 00 00 20 15 05 01 01 01
2014 04 27 00 00 10 05 05 01 01 01
2014 04 28 00 00 10 10 10 01 01 01
2014 04 29 00 00 15 15 15 01 01 01
2014 04 30 00 00 20 20 20 01 01 01
2014 05 01 00 00 01 01 01 01 01 01
2014 05 02 00 00 35 35 35 05 05 05
2014 05 03 00 00 40 40 40 05 05 05
2014 05 04 00 00 40 40 40 10 10 10
2014 05 05 00 00 40 40 35 10 10 05
2014 05 06 00 00 45 40 35 15 10 05
2014 05 07 00 00 40 25 25 10 05 05
2014 05 08 00 00 25 25 25 01 01 01
2014 05 09 00 00 40 40 40 05 05 05
2014 05 10 00 00 40 40 40 05 05 05
2014 05 11 00 00 50 50 50 10 10 10
2014 05 12 00 00 50 50 50 10 10 10
2014 05 13 00 00 40 40 40 10 10 10
2014 05 14 00 00 30 30 30 05 05 05
2014 05 15 00 00 30 30 30 05 05 05
2014 05 16 00 00 30 30 30 05 05 05
2014 05 17 00 00 30 30 30 05 05 05
2014 05 18 00 00 20 20 20 05 05 05
2014 05 19 00 00 20 20 20 05 05 05
2014 05 21 00 00 10 10 10 01 01 01
2014 05 22 00 00 10 10 10 01 01 01
2014 05 23 00 00 10 10 10 01 01 01
2014 05 24 00 00 10 10 10 01 01 01
2014 05 25 00 00 20 20 20 01 01 01
2014 05 26 00 00 20 20 10 01 01 01
2014 05 27 00 00 20 20 10 01 01 01
2014 05 28 00 00 15 10 10 01 01 01
2014 05 29 00 00 05 05 05 01 01 01
2014 05 30 00 00 01 01 01 01 01 01
2014 05 31 00 00 01 01 01 01 01 01
2014 06 01 00 00 40 40 40 05 05 05
2014 06 02 00 00 05 05 05 01 01 01
2014 06 03 00 00 01 01 01 01 01 01
2014 06 04 00 00 15 15 15 01 01 01
2014 06 05 00 00 10 10 10 01 01 01
2014 06 06 00 00 10 10 10 01 01 01
2014 06 07 00 00 30 35 35 10 15 15
2014 06 08 00 00 35 35 35 15 15 15
2014 06 09 00 00 35 35 35 15 15 15
2014 06 10 00 00 45 45 45 15 15 15
2014 06 11 00 00 60 60 60 30 30 30
2014 06 12 00 00 60 60 60 30 30 30
2014 06 13 00 00 70 70 70 30 30 30
2014 06 14 00 00 70 70 70 30 30 30
2014 06 15 00 00 60 55 45 30 25 20
2014 06 16 00 00 55 55 50 25 20 15
2014 06 17 00 00 55 50 50 20 15 10
2014 06 18 00 00 50 50 40 15 10 05
2014 06 19 00 00 50 40 30 10 05 05
2014 06 20 00 00 45 35 25 05 05 05
2014 06 21 00 00 45 35 25 05 05 05
2014 06 22 00 00 25 25 25 05 05 05
2014 06 23 00 00 20 20 20 01 01 01
2014 06 24 00 00 05 05 05 01 01 01
2014 06 25 00 00 01 01 01 01 01 01
2014 06 26 00 00 01 05 10 01 01 01
2014 06 27 00 00 01 01 01 01 01 01
2014 06 28 00 00 05 10 15 01 01 01
2014 06 29 00 00 10 15 15 01 01 01
2014 06 30 00 00 25 25 25 05 05 05
2014 07 01 00 00 40 40 40 05 05 05
2014 07 02 00 00 50 50 50 05 05 05
2014 07 03 00 00 50 50 50 05 05 05
2014 07 04 00 00 60 60 60 10 10 10
2014 07 05 00 00 60 60 60 10 10 10
2014 07 06 00 00 60 60 60 10 10 10
2014 07 07 00 00 60 60 60 10 10 10
2014 07 08 00 00 70 70 70 15 15 15
2014 07 09 00 00 75 75 75 20 20 20
2014 07 10 00 00 70 70 70 15 15 15
2014 07 11 00 00 60 60 60 15 15 15
2014 07 12 00 00 60 50 30 10 05 05
2014 07 13 00 00 60 50 30 10 05 05
2014 07 14 00 00 60 40 25 10 05 05
2014 07 15 00 00 10 10 10 01 01 01
2014 07 16 00 00 01 01 01 01 01 01
2014 07 17 00 00 01 01 01 01 01 01
2014 07 18 00 00 01 01 01 01 01 01
2014 07 19 00 00 01 01 01 01 01 01
2014 07 20 00 00 01 01 01 01 01 01
2014 07 21 00 00 01 01 01 01 01 01
2014 07 22 00 00 01 01 01 01 01 01
2014 07 23 00 00 01 01 01 01 01 01
2014 07 24 00 00 01 01 01 01 01 01
2014 07 25 00 00 01 05 10 01 01 01
2014 07 26 00 00 01 05 10 01 01 01
2014 07 27 00 00 10 10 10 01 01 01
2014 07 28 00 00 15 15 15 01 01 01
2014 07 29 00 00 15 15 15 01 01 01
2014 07 30 00 00 25 25 25 05 05 05
2014 07 31 00 00 30 30 30 05 05 05
2014 08 01 00 00 20 20 20 01 01 01
2014 08 02 00 00 55 55 55 20 20 20
2014 08 03 00 00 55 55 55 20 20 20
2014 08 04 00 00 45 45 45 10 10 10
2014 08 05 00 00 40 40 40 05 05 05
2014 08 06 00 00 30 30 30 01 01 01
2014 08 07 00 00 20 20 15 01 01 01
2014 08 08 00 00 20 15 15 01 01 01
2014 08 09 00 00 20 20 20 01 01 01
2014 08 10 00 00 15 15 15 01 01 01
2014 08 11 00 00 10 10 05 01 01 01
2014 08 12 00 00 05 05 05 01 01 01
2014 08 13 00 00 01 01 01 01 01 01
2014 08 14 00 00 01 01 01 01 01 01
2014 08 15 00 00 01 01 01 01 01 01
2014 08 16 00 00 05 05 05 01 01 01
2014 08 17 00 00 20 20 20 01 01 01
2014 08 18 00 00 20 20 20 01 01 01
2014 08 19 00 00 10 10 10 01 01 01
2014 08 20 00 00 10 10 10 01 01 01
2014 08 21 00 00 10 10 10 01 01 01
2014 08 22 00 00 25 25 25 01 01 01
2014 08 23 00 00 30 30 30 05 05 05
2014 08 24 00 00 30 30 30 05 05 05
2014 08 25 00 00 55 55 55 10 10 10
2014 08 26 00 00 55 55 55 10 10 10
2014 08 27 00 00 40 40 30 05 05 01
2014 08 28 00 00 40 30 20 05 05 01
2014 08 29 00 00 20 20 10 01 01 01
2014 08 30 00 00 10 10 10 01 01 01
2014 08 31 00 00 15 15 15 01 01 01
2014 09 01 00 00 65 55 45 15 10 05
2014 09 02 00 00 20 20 35 01 01 05
2014 09 03 00 00 25 35 35 01 05 05
2014 09 04 00 00 35 35 35 05 05 05
2014 09 05 00 00 55 55 55 10 10 10
2014 09 06 00 00 55 55 55 15 15 15
2014 09 07 00 00 70 70 70 30 30 30
2014 09 08 00 00 70 70 70 30 30 30
2014 09 09 00 00 75 75 75 30 30 30
2014 09 10 00 00 75 75 75 30 30 30
2014 09 11 00 00 85 85 85 40 40 40
2014 09 12 00 00 85 85 85 50 50 50
2014 09 13 00 00 75 75 75 40 40 40
2014 09 14 00 00 65 65 65 25 25 25
2014 09 15 00 00 50 50 20 15 15 05
2014 09 16 00 00 50 40 30 15 10 05
2014 09 17 00 00 30 30 20 05 05 01
2014 09 18 00 00 30 20 20 05 01 01
2014 09 19 00 00 20 20 20 01 01 01
2014 09 20 00 00 20 20 20 01 01 01
2014 09 21 00 00 20 20 20 01 01 01
2014 09 22 00 00 35 35 35 10 10 10
2014 09 23 00 00 30 30 30 05 05 05
2014 09 24 00 00 30 30 30 05 05 05
2014 09 25 00 00 35 35 35 05 05 05
2014 09 26 00 00 45 45 45 10 10 10
2014 09 27 00 00 65 65 65 10 10 10
2014 09 28 00 00 65 65 65 10 10 10
2014 09 29 00 00 75 75 75 20 20 20
2014 09 30 00 00 75 75 75 20 20 20
2014 10 01 00 00 10 05 01 01 01 01
2014 10 02 00 00 45 35 20 05 01 01
2014 10 03 00 00 45 35 20 05 01 01
2014 10 04 00 00 35 20 15 01 01 01
2014 10 05 00 00 15 05 05 01 01 01
2014 10 06 00 00 05 05 05 01 01 01
2014 10 07 00 00 05 05 05 01 01 01
2014 10 08 00 00 05 05 05 01 01 01
2014 10 09 00 00 05 05 05 01 01 01
2014 10 10 00 00 05 05 05 01 01 01
2014 10 11 00 00 20 20 15 01 01 01
2014 10 12 00 00 15 10 10 01 01 01
2014 10 13 00 00 10 10 10 01 01 01
2014 10 14 00 00 05 05 05 01 01 01
2014 10 15 00 00 05 05 05 01 01 01
2014 10 16 00 00 20 20 20 01 01 01
2014 10 17 00 00 30 30 30 05 05 05
2014 10 18 00 00 30 30 30 05 05 05
2014 10 19 00 00 55 55 55 15 15 15
2014 10 20 00 00 60 60 60 20 20 20
2014 10 21 00 00 60 60 60 20 20 20
2014 10 22 00 00 65 65 65 20 20 20
2014 10 23 00 00 95 95 95 55 55 55
2014 10 24 00 00 85 85 85 45 45 45
2014 10 25 00 00 85 85 85 45 45 45
2014 10 26 00 00 85 85 85 45 45 45
2014 10 27 00 00 85 85 85 55 55 55
2014 10 28 00 00 85 85 85 55 55 55
2014 10 29 00 00 85 85 65 45 45 35
2014 10 30 00 00 65 25 10 35 20 05
2014 10 31 00 00 25 25 25 10 05 05
2014 11 01 00 00 50 50 50 05 05 05
2014 11 02 00 00 05 05 05 01 01 01
2014 11 03 00 00 10 10 10 01 01 01
2014 11 04 00 00 25 25 25 01 01 01
2014 11 05 00 00 55 55 55 10 10 10
2014 11 06 00 00 55 55 55 25 25 25
2014 11 07 00 00 55 55 55 25 25 25
2014 11 08 00 00 70 70 70 30 30 30
2014 11 09 00 00 70 70 70 30 30 30
2014 11 10 00 00 70 70 70 30 30 30
2014 11 11 00 00 50 70 70 10 30 30
2014 11 12 00 00 50 60 70 10 20 30
2014 11 13 00 00 60 70 70 20 30 30
2014 11 14 00 00 60 70 70 20 30 30
2014 11 15 00 00 60 60 60 20 20 20
2014 11 16 00 00 60 60 60 20 20 20
2014 11 17 00 00 65 65 65 25 25 25
2014 11 18 00 00 65 65 65 25 25 25
2014 11 19 00 00 40 40 40 10 10 10
2014 11 20 00 00 30 30 30 05 05 05
2014 11 21 00 00 30 30 30 10 10 10
2014 11 22 00 00 55 55 55 25 25 25
2014 11 23 00 00 60 60 60 25 25 25
2014 11 24 00 00 60 60 60 25 25 25
2014 11 25 00 00 40 40 40 10 10 10
2014 11 26 00 00 30 30 30 05 05 05
2014 11 27 00 00 20 20 20 01 01 01
2014 11 28 00 00 30 30 30 05 05 05
2014 11 29 00 00 40 45 50 05 05 05
2014 11 30 00 00 45 50 50 05 05 05
2014 12 01 00 00 25 25 25 01 01 01
2014 12 02 00 00 40 40 40 05 05 05
2014 12 03 00 00 50 50 50 05 05 05
2014 12 04 00 00 40 40 40 05 05 05
2014 12 05 00 00 40 40 40 05 05 05
2014 12 06 00 00 40 40 40 05 05 05
2014 12 07 00 00 40 30 35 05 05 05
2014 12 08 00 00 35 35 35 05 05 05
2014 12 09 00 00 20 20 20 01 01 01
2014 12 10 00 00 20 25 30 01 01 05
2014 12 11 00 00 30 30 30 05 05 05
2014 12 12 00 00 30 30 30 05 05 05
2014 12 13 00 00 30 30 30 05 05 05
2014 12 15 00 00 55 55 55 10 10 10
2014 12 16 00 00 40 40 40 10 10 10
2014 12 17 00 00 55 55 55 10 10 10
2014 12 18 00 00 65 65 65 15 15 15
2014 12 19 00 00 75 75 75 25 25 25
2014 12 20 00 00 75 75 75 25 25 25
2014 12 21 00 00 85 85 85 40 40 40
2014 12 22 00 00 85 85 85 40 40 40
2014 12 23 00 00 80 75 75 35 30 30
2014 12 24 00 00 75 60 60 25 20 15
2014 12 25 00 00 50 30 25 10 05 05
2014 12 26 00 00 25 25 25 05 05 05
2014 12 27 00 00 25 25 25 05 05 05
2014 12 28 00 00 25 25 20 05 05 01
2014 12 29 00 00 25 20 20 05 01 01
2014 12 30 00 00 20 20 20 01 01 01
2014 12 31 00 00 20 20 20 01 01 01
2015 01 01 00 00 70 60 50 25 20 15
2015 01 02 00 00 30 30 30 05 05 05
2015 01 03 00 00 30 30 30 05 05 05
2015 01 04 00 00 30 30 30 05 05 05
2015 01 05 00 00 50 50 50 10 10 10
2015 01 06 00 00 50 50 50 10 10 10
2015 01 07 00 00 50 50 50 10 10 10
2015 01 08 00 00 50 50 50 10 10 10
2015 01 09 00 00 50 50 50 10 10 10
2015 01 10 00 00 40 40 40 10 10 10
2015 01 11 00 00 40 40 40 10 10 10
2015 01 12 00 00 40 40 40 10 10 10
2015 01 13 00 00 40 40 40 10 10 10
2015 01 14 00 00 45 40 35 10 05 05
2015 01 15 00 00 40 30 30 05 05 05
2015 01 16 00 00 25 25 25 05 05 05
2015 01 17 00 00 15 15 15 01 01 01
2015 01 18 00 00 05 05 05 01 01 01
2015 01 19 00 00 05 05 05 01 01 01
2015 01 20 00 00 05 05 05 01 01 01
2015 01 21 00 00 05 05 05 01 01 01
2015 01 22 00 00 25 25 25 05 05 05
2015 01 23 00 00 40 40 40 05 05 05
2015 01 24 00 00 40 40 40 05 05 05
2015 01 25 00 00 40 40 40 05 05 05
2015 01 26 00 00 25 25 30 05 05 05
2015 01 27 00 00 30 30 30 05 05 05
2015 01 28 00 00 40 40 40 10 10 10
2015 01 29 00 00 40 40 40 10 10 10
2015 01 30 00 00 50 50 50 10 10 10
2015 01 31 00 00 70 70 70 25 25 25
2015 02 01 00 00 10 10 10 01 01 01
2015 02 02 00 00 60 55 55 20 15 15
2015 02 03 00 00 40 30 20 05 05 01
2015 02 04 00 00 30 20 20 05 01 01
2015 02 05 00 00 20 20 20 01 01 01
2015 02 06 00 00 20 20 20 01 01 01
2015 02 07 00 00 20 20 20 01 01 01
2015 02 08 00 00 20 20 20 01 01 01
2015 02 09 00 00 30 30 30 01 01 01
2015 02 10 00 00 30 30 30 05 05 05
2015 02 11 00 00 30 30 30 05 05 05
2015 02 12 00 00 30 30 20 01 01 01
2015 02 13 00 00 25 20 20 01 01 01
2015 02 14 00 00 20 20 20 01 01 01
2015 02 15 00 00 10 25 25 01 05 05
2015 02 16 00 00 25 25 25 05 05 05
2015 02 17 00 00 10 10 10 01 01 01
2015 02 18 00 00 01 01 01 01 01 01
2015 02 19 00 00 01 01 01 01 01 01
2015 02 20 00 00 01 01 01 01 01 01
2015 02 21 00 00 01 01 01 01 01 01
2015 02 22 00 00 01 01 01 01 01 01
2015 02 23 00 00 01 01 01 01 01 01
2015 02 24 00 00 01 01 01 01 01 01
2015 02 25 00 00 01 01 01 01 01 01
2015 02 27 00 00 01 01 01 01 01 01
2015 02 28 00 00 10 10 10 01 01 01
2015 03 01 00 00 25 25 25 05 05 05
2015 03 02 00 00 05 05 05 01 01 01
2015 03 03 00 00 25 10 05 01 01 01
2015 03 04 00 00 20 15 15 01 01 01
2015 03 05 00 00 15 10 01 01 01 01
2015 03 06 00 00 10 10 10 01 01 01
2015 03 07 00 00 30 30 30 05 05 05
2015 03 08 00 00 40 40 40 10 10 10
2015 03 09 00 00 40 40 40 10 10 10
2015 03 10 00 00 40 40 40 10 10 10
2015 03 11 00 00 60 60 60 10 10 10
2015 03 12 00 00 70 70 70 20 20 20
2015 03 13 00 00 70 70 70 20 20 20
2015 03 14 00 00 70 70 70 20 20 20
2015 03 15 00 00 70 70 70 20 20 20
2015 03 16 00 00 70 70 70 20 20 20
2015 03 17 00 00 60 60 60 10 10 10
2015 03 18 00 00 40 40 20 10 10 01
2015 03 19 00 00 40 30 20 05 05 01
2015 03 20 00 00 20 10 01 01 01 01
2015 03 21 00 00 01 01 01 01 01 01
2015 03 22 00 00 05 05 05 01 01 01
2015 03 23 00 00 05 05 05 01 01 01
2015 03 24 00 00 15 15 15 01 01 01
2015 03 25 00 00 25 25 25 01 01 01
2015 03 26 00 00 25 25 25 05 05 05
2015 03 27 00 00 25 25 25 05 05 05
2015 03 28 00 00 25 25 25 05 05 05
2015 03 29 00 00 25 25 25 05 05 05
2015 03 30 00 00 25 25 25 05 05 05
2015 03 31 00 00 15 25 25 01 05 05
2015 04 01 00 00 01 01 01 01 01 01
2015 04 02 00 00 25 25 25 05 05 05
2015 04 03 00 00 20 25 25 05 05 05
2015 04 04 00 00 15 15 15 05 05 05
2015 04 05 00 00 15 15 15 01 01 01
2015 04 06 00 00 10 10 10 01 01 01
2015 04 07 00 00 10 10 10 01 01 01
2015 04 08 00 00 10 10 10 01 01 01
2015 04 09 00 00 15 15 15 01 01 01
2015 04 10 00 00 15 15 15 01 01 01
2015 04 11 00 00 30 30 30 10 10 10
2015 04 12 00 00 40 40 40 15 15 15
2015 04 13 00 00 55 55 55 20 20 20
2015 04 15 00 00 55 55 55 20 20 20
2015 04 16 00 00 40 40 40 10 10 10
2015 04 17 00 00 40 40 40 10 10 10
2015 04 18 00 00 40 40 40 10 10 10
2015 04 19 00 00 20 20 20 01 01 01
2015 04 20 00 00 15 15 15 01 01 01
2015 04 21 00 00 15 15 15 01 01 01
2015 04 22 00 00 30 30 30 05 05 05
2015 04 23 00 00 45 20 20 05 01 01
2015 04 24 00 00 20 20 20 01 01 01
2015 04 25 00 00 10 10 10 01 01 01
2015 04 26 00 00 10 10 10 01 01 01
2015 04 27 00 00 05 05 05 01 01 01
2015 04 28 00 00 05 05 05 01 01 01
2015 04 29 00 00 05 01 01 01 01 01
2015 04 30 00 00 01 01 01 01 01 01
2015 05 01 00 00 05 05 05 01 01 01
2015 05 02 00 00 01 01 01 01 01 01
2015 05 03 00 00 01 01 01 01 01 01
2015 05 04 00 00 05 05 05 01 01 01
2015 05 05 00 00 20 20 20 01 01 01
2015 05 06 00 00 50 50 50 05 05 05
2015 05 07 00 00 55 60 60 10 15 15
2015 05 08 00 00 55 55 55 10 10 10
2015 05 09 00 00 55 55 55 10 10 10
2015 05 10 00 00 50 50 50 10 10 10
2015 05 11 00 00 30 30 30 05 05 05
2015 05 12 00 00 30 30 30 05 05 05
2015 05 13 00 00 30 30 30 05 05 05
2015 05 14 00 00 30 30 30 05 05 05
2015 05 15 00 00 20 20 20 05 05 05
2015 05 16 00 00 20 20 20 05 05 05
2015 05 17 00 00 15 15 05 05 05 01
2015 05 18 00 00 10 10 01 01 01 01
2015 05 19 00 00 01 01 01 01 01 01
2015 05 20 00 00 01 01 01 01 01 01
2015 05 21 00 00 01 01 01 01 01 01
2015 05 22 00 00 01 01 01 01 01 01
2015 05 23 00 00 01 01 01 01 01 01
2015 05 24 00 00 05 05 05 01 01 01
2015 05 25 00 00 05 05 05 01 01 01
2015 05 26 00 00 01 01 01 01 01 01
2015 05 27 00 00 01 01 01 01 01 01
2015 05 28 00 00 01 05 10 01 01 01
2015 05 29 00 00 05 05 05 01 01 01
2015 05 30 00 00 01 05 05 01 01 01
2015 05 31 00 00 05 05 05 01 01 01
2015 06 01 00 00 10 10 10 01 01 01
2015 06 02 00 00 01 01 01 01 01 01
2015 06 03 00 00 01 01 01 01 01 01
2015 06 04 00 00 01 01 05 01 01 01
2015 06 05 00 00 20 20 20 01 01 01
2015 06 06 00 00 20 20 20 01 01 01
2015 06 07 00 00 20 20 20 01 01 01
2015 06 08 00 00 20 20 20 01 01 01
2015 06 09 00 00 15 15 15 01 01 01
2015 06 10 00 00 15 15 15 01 01 01
2015 06 11 00 00 15 15 15 01 01 01
2015 06 12 00 00 25 25 25 01 01 01
2015 06 13 00 00 30 30 20 05 05 01
2015 06 14 00 00 30 25 20 05 05 01
2015 06 15 00 00 30 20 15 05 01 01
2015 06 16 00 00 30 20 15 05 01 01
2015 06 17 00 00 30 25 20 05 05 01
2015 06 18 00 00 30 30 30 05 05 05
2015 06 19 00 00 70 70 60 15 15 10
2015 06 20 00 00 70 70 60 15 15 10
2015 06 21 00 00 70 70 60 15 15 10
2015 06 22 00 00 75 75 75 20 20 20
2015 06 23 00 00 75 75 75 20 20 20
2015 06 24 00 00 75 75 75 20 20 20
2015 06 25 00 00 60 60 60 10 10 10
2015 06 26 00 00 60 60 50 20 20 10
2015 06 27 00 00 60 60 30 20 20 10
2015 06 28 00 00 60 60 05 20 20 01
2015 06 29 00 00 60 05 05 20 01 01
2015 06 30 00 00 10 10 10 01 01 01
2015 07 01 00 00 05 05 05 01 01 01
2015 07 02 00 00 10 10 10 01 01 01
2015 07 03 00 00 10 10 10 01 01 01
2015 07 04 00 00 10 10 10 01 01 01
2015 07 05 00 00 10 10 10 01 01 01
2015 07 06 00 00 15 15 15 01 01 01
2015 07 07 00 00 45 45 45 10 10 10
2015 07 08 00 00 45 45 45 05 05 05
2015 07 09 00 00 20 20 20 05 05 05
2015 07 10 00 00 15 15 15 01 01 01
2015 07 11 00 00 15 10 10 01 01 01
2015 07 12 00 00 10 10 10 01 01 01
2015 07 13 00 00 10 10 10 01 01 01
2015 07 14 00 00 01 01 01 01 01 01
2015 07 15 00 00 01 01 01 01 01 01
2015 07 16 00 00 01 01 01 01 01 01
2015 07 17 00 00 01 01 01 01 01 01
2015 07 18 00 00 10 10 10 01 01 01
2015 07 19 00 00 10 10 10 01 01 01
2015 07 20 00 00 10 10 10 01 01 01
2015 07 21 00 00 10 10 10 01 01 01
2015 07 22 00 00 05 05 05 01 01 01
2015 07 23 00 00 05 05 05 01 01 01
2015 07 24 00 00 01 01 01 01 01 01
2015 07 25 00 00 01 01 05 01 01 01
2015 07 26 00 00 05 05 05 01 01 01
2015 07 27 00 00 05 05 05 01 01 01
2015 07 28 00 00 05 05 05 01 01 01
2015 07 29 00 00 05 05 05 01 01 01
2015 07 30 00 00 05 05 05 01 01 01
2015 07 31 00 00 05 05 05 01 01 01
2015 08 01 00 00 05 01 01 01 01 01
2015 08 02 00 00 05 05 05 01 01 01
2015 08 03 00 00 05 01 01 01 01 01
2015 08 04 00 00 05 05 05 01 01 01
2015 08 05 00 00 10 10 10 01 01 01
2015 08 06 00 00 15 15 15 05 05 05
2015 08 07 00 00 25 25 25 05 05 05
2015 08 08 00 00 40 55 55 05 10 10
2015 08 09 00 00 35 35 35 05 05 05
2015 08 10 00 00 35 35 35 05 05 05
2015 08 11 00 00 25 25 25 05 05 05
2015 08 12 00 00 25 25 25 05 05 05
2015 08 13 00 00 25 25 25 05 05 05
2015 08 14 00 00 10 05 05 01 01 01
2015 08 15 00 00 05 05 05 01 01 01
2015 08 16 00 00 01 01 01 01 01 01
2015 08 17 00 00 01 01 01 01 01 01
2015 08 18 00 00 01 01 01 01 01 01
2015 08 19 00 00 01 01 01 01 01 01
2015 08 20 00 00 05 10 10 01 01 01
2015 08 21 00 00 15 15 15 05 05 05
2015 08 22 00 00 35 35 35 10 10 10
2015 08 23 00 00 55 55 55 10 10 10
2015 08 24 00 00 55 55 55 10 10 10
2015 08 25 00 00 65 60 55 10 10 05
2015 08 26 00 00 60 55 50 10 10 05
2015 08 27 00 00 60 55 50 10 10 05
2015 08 28 00 00 60 55 50 10 10 05
2015 08 29 00 00 60 60 50 10 10 05
2015 08 30 00 00 55 40 05 10 05 01
2015 08 31 00 00 40 01 01 05 01 01
2015 09 01 00 00 70 70 70 25 25 25
2015 09 02 00 00 01 01 01 01 01 01
2015 09 03 00 00 01 01 01 01 01 01
2015 09 04 00 00 01 01 01 01 01 01
2015 09 05 00 00 01 01 01 01 01 01
2015 09 06 00 00 01 01 01 01 01 01
2015 09 07 00 00 01 01 01 01 01 01
2015 09 08 00 00 01 01 01 01 01 01
2015 09 09 00 00 01 01 05 01 01 01
2015 09 10 00 00 01 05 05 01 01 01
2015 09 11 00 00 10 10 10 01 01 01
2015 09 12 00 00 10 10 10 01 01 01
2015 09 13 00 00 10 10 10 01 01 01
2015 09 14 00 00 10 10 10 01 01 01
2015 09 15 00 00 05 01 01 01 01 01
2015 09 16 00 00 05 01 01 01 01 01
2015 09 17 00 00 10 10 10 01 01 01
2015 09 18 00 00 25 25 25 05 05 05
2015 09 19 00 00 25 25 25 05 05 05
2015 09 20 00 00 20 20 20 05 05 05
2015 09 21 00 00 40 40 40 05 05 05
2015 09 22 00 00 40 30 25 05 05 05
2015 09 23 00 00 30 25 20 05 05 05
2015 09 24 00 00 30 30 30 05 05 05
2015 09 25 00 00 25 25 25 01 01 01
2015 09 26 00 00 35 35 35 01 01 01
2015 09 27 00 00 40 40 40 05 05 05
2015 09 28 00 00 40 40 40 05 05 05
2015 09 29 00 00 70 70 70 25 25 25
2015 09 30 00 00 70 70 70 25 25 25
2015 10 01 00 00 55 55 55 15 15 15
2015 10 02 00 00 70 65 50 25 20 15
2015 10 03 00 00 70 65 50 25 20 15
2015 10 04 00 00 10 01 01 01 01 01
2015 10 05 00 00 10 10 10 01 01 01
2015 10 06 00 00 01 01 01 01 01 01
2015 10 07 00 00 01 01 01 01 01 01
2015 10 08 00 00 01 01 01 01 01 01
2015 10 09 00 00 01 01 01 01 01 01
2015 10 10 00 00 01 01 01 01 01 01
2015 10 11 00 00 01 05 05 01 01 01
2015 10 12 00 00 01 05 05 01 01 01
2015 10 13 00 00 05 05 05 01 01 01
2015 10 14 00 00 30 30 40 01 01 05
2015 10 15 00 00 30 40 40 01 05 05
2015 10 16 00 00 30 40 40 01 05 05
2015 10 17 00 00 55 55 55 05 05 05
2015 10 18 00 00 55 55 55 05 05 05
2015 10 19 00 00 55 55 55 05 05 05
2015 10 20 00 00 45 45 45 05 05 05
2015 10 21 00 00 35 35 35 01 01 01
2015 10 22 00 00 45 45 45 05 05 05
2015 10 23 00 00 35 35 35 05 05 05
2015 10 24 00 00 25 25 25 01 01 01
2015 10 25 00 00 20 20 20 01 01 01
2015 10 26 00 00 20 20 20 01 01 01
2015 10 27 00 00 10 10 10 01 01 01
2015 10 28 00 00 10 10 10 01 01 01
2015 10 29 00 00 10 10 10 01 01 01
2015 10 30 00 00 25 25 25 05 05 05
2015 10 31 00 00 40 40 40 05 05 05
2015 11 01 00 00 05 05 05 01 01 01
2015 11 02 00 00 55 55 55 15 15 15
2015 11 03 00 00 55 55 55 15 15 15
2015 11 04 00 00 50 45 40 10 05 05
2015 11 05 00 00 65 60 60 10 10 10
2015 11 06 00 00 25 25 25 05 05 05
2015 11 07 00 00 25 25 25 05 05 05
2015 11 08 00 00 15 15 15 01 01 01
2015 11 09 00 00 15 15 15 01 01 01
2015 11 10 00 00 25 25 25 01 01 01
2015 11 11 00 00 20 20 20 05 05 05
2015 11 12 00 00 15 15 15 01 01 01
2015 11 13 00 00 05 05 05 01 01 01
2015 11 14 00 00 01 01 01 01 01 01
2015 11 15 00 00 01 01 01 01 01 01
2015 11 16 00 00 01 01 01 01 01 01
2015 11 17 00 00 01 01 01 01 01 01
2015 11 18 00 00 01 01 01 01 01 01
2015 11 19 00 00 01 01 01 01 01 01
2015 11 20 00 00 01 01 01 01 01 01
2015 11 21 00 00 01 01 01 01 01 01
2015 11 22 00 00 05 05 05 01 01 01
2015 11 23 00 00 20 20 20 01 01 01
2015 11 24 00 00 30 30 20 05 05 01
2015 11 25 00 00 15 10 10 01 01 01
2015 11 26 00 00 10 10 10 01 01 01
2015 11 27 00 00 05 05 05 01 01 01
2015 11 28 00 00 01 01 01 01 01 01
2015 11 29 00 00 01 01 01 01 01 01
2015 11 30 00 00 01 01 01 01 01 01
2015 12 01 00 00 20 20 05 01 01 01
2015 12 02 00 00 05 05 01 01 01 01
2015 12 03 00 00 05 05 01 01 01 01
2015 12 04 00 00 01 01 01 01 01 01
2015 12 05 00 00 05 05 05 01 01 01
2015 12 06 00 00 05 05 05 01 01 01
2015 12 07 00 00 05 05 05 01 01 01
2015 12 08 00 00 05 10 10 01 01 01
2015 12 09 00 00 10 10 10 01 01 01
2015 12 10 00 00 10 10 10 01 01 01
2015 12 11 00 00 10 10 10 01 01 01
2015 12 12 00 00 15 15 15 01 01 01
2015 12 13 00 00 25 25 25 05 05 05
2015 12 14 00 00 35 35 35 05 05 05
2015 12 15 00 00 15 15 15 05 05 05
2015 12 16 00 00 10 10 10 01 01 01
2015 12 17 00 00 15 15 15 01 01 01
2015 12 18 00 00 15 15 15 01 01 01
2015 12 19 00 00 15 15 15 01 01 01
2015 12 20 00 00 15 15 15 01 01 01
2015 12 21 00 00 15 15 15 01 01 01
2015 12 22 00 00 25 25 25 05 05 05
2015 12 23 00 00 45 45 45 10 10 10
2015 12 24 00 00 50 50 50 10 10 10
2015 12 25 00 00 45 45 40 10 10 05
2015 12 26 00 00 45 45 40 10 10 05
2015 12 27 00 00 55 55 55 10 10 10
2015 12 28 00 00 55 55 55 10 10 10
2015 12 29 00 00 50 50 50 10 10 10
2015 12 30 00 00 50 50 50 10 10 10
2015 12 31 00 00 40 30 25 05 01 01
2016 01 01 00 00 01 01 01 01 01 01
2016 01 02 00 00 20 05 05 01 01 01
2016 01 03 00 00 40 05 05 10 01 01
2016 01 04 00 00 05 05 05 01 01 01
2016 01 05 00 00 01 01 01 01 01 01
2016 01 06 00 00 01 01 01 01 01 01
2016 01 07 00 00 01 01 01 01 01 01
2016 01 08 00 00 10 10 10 01 01 01
2016 01 09 00 00 10 10 05 01 01 01
2016 01 10 00 00 05 05 05 01 01 01
2016 01 11 00 00 05 05 05 01 01 01
2016 01 12 00 00 05 05 05 01 01 01
2016 01 13 00 00 05 05 05 01 01 01
2016 01 14 00 00 05 05 05 01 01 01
2016 01 15 00 00 05 05 05 01 01 01
2016 01 16 00 00 05 05 05 01 01 01
2016 01 17 00 00 05 05 05 01 01 01
2016 01 18 00 00 01 01 01 01 01 01
2016 01 19 00 00 01 01 01 01 01 01
2016 01 20 00 00 01 01 01 01 01 01
2016 01 21 00 00 05 05 05 01 01 01
2016 01 22 00 00 10 10 10 01 01 01
2016 01 23 00 00 10 10 10 01 01 01
2016 01 24 00 00 05 05 05 01 01 01
2016 01 25 00 00 05 05 05 01 01 01
2016 01 26 00 00 10 10 10 01 01 01
2016 01 27 00 00 10 05 05 01 01 01
2016 01 28 00 00 20 20 20 01 01 01
2016 01 29 00 00 25 25 25 05 05 05
2016 01 30 00 00 20 20 20 01 01 01
2016 01 31 00 00 05 05 05 01 01 01
2016 02 01 00 00 05 05 05 01 01 01
2016 02 02 00 00 01 01 01 01 01 01
2016 02 03 00 00 01 01 01 01 01 01
2016 02 04 00 00 01 01 01 01 01 01
2016 02 05 00 00 20 20 20 05 05 05
2016 02 06 00 00 15 10 10 01 01 01
2016 02 07 00 00 10 10 10 01 01 01
2016 02 08 00 00 15 15 15 01 01 01
2016 02 09 00 00 10 10 10 01 01 01
2016 02 10 00 00 05 05 01 01 01 01
2016 02 11 00 00 05 05 01 01 01 01
2016 02 12 00 00 15 15 15 01 01 01
2016 02 13 00 00 35 35 35 05 05 05
2016 02 14 00 00 35 35 35 05 05 05
2016 02 15 00 00 35 35 35 05 05 05
2016 02 16 00 00 40 40 40 05 05 05
2016 02 17 00 00 30 30 01 01 01 01
2016 02 18 00 00 30 01 01 01 01 01
2016 02 19 00 00 01 01 01 01 01 01
2016 02 20 00 00 05 05 05 01 01 01
2016 02 21 00 00 05 05 05 01 01 01
2016 02 22 00 00 10 10 10 01 01 01
2016 02 23 00 00 05 05 05 01 01 01
2016 02 24 00 00 05 05 05 01 01 01
2016 02 25 00 00 01 01 01 01 01 01
2016 02 26 00 00 01 01 01 01 01 01
2016 02 27 00 00 01 01 01 01 01 01
2016 02 28 00 00 05 05 05 01 01 01
2016 02 29 00 00 05 05 05 01 01 01
2016 03 01 00 00 01 01 01 01 01 01
2016 03 02 00 00 05 05 05 01 01 01
2016 03 03 00 00 05 05 05 01 01 01
2016 03 04 00 00 01 01 01 01 01 01
2016 03 05 00 00 05 05 05 01 01 01
2016 03 06 00 00 05 05 05 01 01 01
2016 03 07 00 00 05 05 05 01 01 01
2016 03 08 00 00 01 01 01 01 01 01
2016 03 09 00 00 01 01 01 01 01 01
2016 03 10 00 00 01 01 01 01 01 01
2016 03 11 00 00 01 01 01 01 01 01
2016 03 12 00 00 01 01 01 01 01 01
2016 03 13 00 00 05 05 05 01 01 01
2016 03 14 00 00 05 05 05 01 01 01
2016 03 15 00 00 01 01 01 01 01 01
2016 03 16 00 00 01 01 01 01 01 01
2016 03 17 00 00 05 05 05 01 01 01
2016 03 18 00 00 05 05 01 01 01 01
2016 03 19 00 00 05 05 05 01 01 01
2016 03 20 00 00 05 05 05 01 01 01
2016 03 21 00 00 05 05 05 01 01 01
2016 03 22 00 00 05 05 05 01 01 01
2016 03 23 00 00 01 01 01 01 01 01
2016 03 24 00 00 01 01 01 01 01 01
2016 03 25 00 00 01 01 01 01 01 01
2016 03 26 00 00 01 01 01 01 01 01
2016 03 27 00 00 01 01 01 01 01 01
2016 03 28 00 00 01 01 01 01 01 01
2016 03 29 00 00 01 01 01 01 01 01
2016 03 30 00 00 01 01 01 01 01 01
2016 03 31 00 00 01 01 01 01 01 01
2016 04 01 00 00 01 01 01 01 01 01
2016 04 02 00 00 01 01 01 01 01 01
2016 04 03 00 00 01 01 01 01 01 01
2016 04 04 00 00 01 01 01 01 01 01
2016 04 05 00 00 01 01 01 01 01 01
2016 04 06 00 00 01 01 01 01 01 01
2016 04 07 00 00 01 01 01 01 01 01
2016 04 08 00 00 05 05 05 01 01 01
2016 04 09 00 00 10 10 10 01 01 01
2016 04 10 00 00 10 10 10 01 01 01
2016 04 11 00 00 10 10 10 01 01 01
2016 04 12 00 00 10 10 10 01 01 01
2016 04 13 00 00 10 10 10 01 01 01
2016 04 14 00 00 10 10 10 01 01 01
2016 04 15 00 00 15 15 15 01 01 01
2016 04 16 00 00 15 15 15 01 01 01
2016 04 17 00 00 15 15 15 01 01 01
2016 04 18 00 00 15 15 15 01 01 01
2016 04 19 00 00 20 10 01 05 01 01
2016 04 20 00 00 15 10 01 05 01 01
2016 04 21 00 00 01 01 01 01 01 01
2016 04 22 00 00 01 01 01 01 01 01
2016 04 23 00 00 01 01 01 01 01 01
2016 04 24 00 00 01 01 01 01 01 01
2016 04 25 00 00 01 01 01 01 01 01
2016 04 26 00 00 01 01 01 01 01 01
2016 04 27 00 00 01 01 01 01 01 01
2016 04 28 00 00 01 01 01 01 01 01
2016 04 29 00 00 01 01 01 01 01 01
2016 04 30 00 00 01 01 01 01 01 01
2016 05 01 00 00 01 01 01 01 01 01
2016 05 02 00 00 01 01 01 01 01 01
2016 05 03 00 00 05 05 05 01 01 01
2016 05 04 00 00 05 05 05 01 01 01
2016 05 05 00 00 05 05 05 01 01 01
2016 05 06 00 00 01 01 01 01 01 01
2016 05 07 00 00 01 01 01 01 01 01
2016 05 08 00 00 01 01 01 01 01 01
2016 05 09 00 00 01 01 01 01 01 01
2016 05 10 00 00 01 01 01 01 01 01
2016 05 11 00 00 05 05 05 01 01 01
2016 05 12 00 00 05 05 05 01 01 01
2016 05 13 00 00 05 05 05 01 01 01
2016 05 14 00 00 05 05 05 01 01 01
2016 05 15 00 00 15 15 15 01 01 01
2016 05 16 00 00 15 15 15 01 01 01
2016 05 17 00 00 10 05 05 01 01 01
2016 05 18 00 00 05 01 01 01 01 01
2016 05 19 00 00 01 01 01 01 01 01
2016 05 20 00 00 01 01 01 01 01 01
2016 05 21 00 00 01 01 01 01 01 01
2016 05 22 00 00 01 01 01 01 01 01
2016 05 23 00 00 01 01 01 01 01 01
2016 05 24 00 00 01 01 01 01 01 01
2016 05 25 00 00 01 01 01 01 01 01
2016 05 26 00 00 01 01 01 01 01 01
2016 05 27 00 00 05 05 05 01 01 01
2016 05 28 00 00 01 01 01 01 01 01
2016 05 29 00 00 01 01 01 01 01 01
2016 05 30 00 00 01 01 01 01 01 01
2016 05 31 00 00 05 01 01 01 01 01
2016 06 01 00 00 01 01 01 01 01 01
2016 06 02 00 00 01 01 01 01 01 01
2016 06 03 00 00 01 01 01 01 01 01
2016 06 04 00 00 01 01 01 01 01 01
2016 06 05 00 00 01 01 01 01 01 01
2016 06 06 00 00 01 01 01 01 01 01
2016 06 07 00 00 01 01 01 01 01 01
2016 06 08 00 00 01 01 01 01 01 01
2016 06 09 00 00 01 01 01 01 01 01
2016 06 10 00 00 10 10 10 01 01 01
2016 06 11 00 00 05 05 05 01 01 01
2016 06 12 00 00 01 01 01 01 01 01
2016 06 13 00 00 01 01 01 01 01 01
2016 06 14 00 00 01 01 01 01 01 01
2016 06 15 00 00 01 01 01 01 01 01
2016 06 16 00 00 01 01 01 01 01 01
2016 06 17 00 00 01 01 01 01 01 01
2016 06 18 00 00 01 01 01 01 01 01
2016 06 19 00 00 01 01 01 01 01 01
2016 06 20 00 00 01 01 01 01 01 01
2016 06 21 00 00 01 01 01 01 01 01
2016 06 22 00 00 01 01 01 01 01 01
2016 06 23 00 00 01 01 01 01 01 01
2016 06 24 00 00 01 01 01 01 01 01
2016 06 25 00 00 01 01 01 01 01 01
2016 06 26 00 00 01 01 01 01 01 01
2016 06 27 00 00 01 01 01 01 01 01
2016 06 28 00 00 01 01 01 01 01 01
2016 06 29 00 00 01 01 01 01 01 01
2016 06 30 00 00 01 01 01 01 01 01
2016 07 01 00 00 01 01 01 01 01 01
2016 07 02 00 00 01 01 01 01 01 01
2016 07 03 00 00 01 01 01 01 01 01
2016 07 04 00 00 01 01 01 01 01 01
2016 07 05 00 00 01 01 01 01 01 01
2016 07 06 00 00 01 01 01 01 01 01
2016 07 07 00 00 01 01 01 01 01 01
2016 07 08 00 00 01 01 01 01 01 01
2016 07 09 00 00 05 05 05 01 01 01
2016 07 10 00 00 05 05 05 01 01 01
2016 07 11 00 00 10 10 10 01 01 01
2016 07 12 00 00 10 10 10 01 01 01
2016 07 13 00 00 01 01 01 01 01 01
2016 07 14 00 00 01 01 01 01 01 01
2016 07 15 00 00 01 01 01 01 01 01
